x1 x2
-17.279532546755 -0.993526156086205
-14.3080171539591 -0.0760421285297296
-15.5660088726626 -1.58854930652217
11.519866364752 5.56026752348338
-16.3261968059059 -1.00276416971079
-9.6146414802596 0.523597473589481
14.6812337185107 1.2212492185128
-17.8724868371245 -2.22622706665557
15.2994621202792 1.44643961465922
-14.8902339904804 -3.75731827375263
-12.4159641591952 -1.86333700524918
-14.9178850767863 -2.06711566326951
-14.4413014978454 -1.02654436626749
-12.9182639640107 2.9647552331024
18.9410040478551 -1.94352847037866
15.2722597798977 -1.27533175878744
-15.6227266188426 0.317611993380025
-14.6593910706837 0.000770043526910902
-9.80653130935605 -2.08676466975536
-10.1819128775827 -1.88778486965334
14.457389609091 4.48338976436893
-17.6707663931501 -2.96798214009314
14.6498897549453 -1.47243792007716
17.9556287954283 0.974507766969421
16.6617559849107 4.68099422844544
15.8591090536206 -4.27443199644468
-17.0361488325165 -0.123773580039843
-13.7424721144942 -1.01222845872272
-14.4170879883736 -2.5719453671354
12.4952610074488 -0.94479470774521
15.3756649915204 0.98299268041399
-17.9584849716262 2.83921101963614
-10.7602462391281 -0.954923385762746
-14.2309611059421 2.30999270134543
-18.138933791903 -0.622627981440989
-11.5217842590337 -0.342038207735207
13.3756720950022 1.07600386974561
-15.4045835617934 -3.77185698921584
-15.1174770186246 1.96336965902212
-12.3644625186973 1.96762249675693
-18.6708406695023 -4.07203361680092
17.6515084422247 -0.13474104488823
-19.7385692298683 -0.538411174223458
-14.8034041860834 1.8940678837833
-12.7611160633783 -2.64493163759367
17.6565716420075 1.51434584417165
-14.8411215062776 -2.67900186628755
-14.5823305045776 0.763139235021729
-16.2674104085965 -0.480572848192579
11.9923255556765 -2.67423892446781
11.4778724485581 3.66574794062703
-14.8152497657098 0.565008657201714
-16.5717271076008 -5.25757862502568
-14.3817946741962 -1.3895637147971
-12.802311519246 -0.534877391210708
20.9239611783643 1.47074529126918
16.7003483987081 3.11749210907208
17.0318173578419 -1.93032409389605
14.8074513611695 -2.06179861557938
-16.7256465015918 -2.25702673888566
14.3655594790308 0.234607204463908
15.6227112811789 0.640702272595785
11.7481639596113 1.09160371173855
16.67761698464 -2.33012528491943
-13.4898833037586 -2.81690089146966
13.090006666483 2.89090724510611
-17.5000598997026 1.00553297217465
13.741956102093 -1.07238709713932
-14.3589722705497 -1.81538230974258
13.1665496291426 1.86830330057631
-17.6003510635953 -0.306056135428762
-18.4991091060743 1.37438355392524
-14.8232151371141 -5.4806093073109
-14.5866822388655 1.09134366425391
-17.1817715204911 -5.03465582937803
-13.9431267646761 -1.99002219778086
-11.2528346199439 4.17153205261854
-17.9688848300879 -4.84532411334985
-17.1971750005583 -0.57197700557146
15.7802414635221 1.43738281866005
-11.1505628194937 -2.10676059512925
16.3010397845958 1.446166268836
-20.0264064885717 -2.30485066254098
12.4162578639523 -0.901011005167304
-12.43602872856 2.91544820783734
13.7970089504481 3.82936008328028
-16.4728991878248 0.759639457304072
-15.3299139523814 -1.59139848849001
13.494569327359 0.485121890964736
-15.6018261573196 0.577542135715821
-17.9082996200287 -1.25068497236096
12.7643309691724 -3.40194510392615
17.0017786487955 -3.49526612519348
12.2842556794962 -2.01679419934617
-13.9697542468098 -2.91561740884439
16.1391832755469 0.540237435986864
15.7757727833251 -0.131689953586269
-20.3838002904122 0.535956503520065
-15.1279960565838 -2.71430480935511
-14.684756746757 -2.82249162155084
13.5281768692632 -1.16929854666499
-14.5008420411346 -0.238406649109244
16.0786977971606 0.611016871483135
-17.7292733741336 -5.29910855083212
13.524122977997 0.0989606473532044
19.3704990906033 4.26559181584471
14.1344596861049 2.68961268991676
-14.3164900324975 -0.566000699547468
11.4834594662834 -0.289232564924728
12.7323786454071 1.33237449447843
16.8159429108058 0.863931333431477
17.9450859842299 -1.18482548440187
-12.0572892715173 1.54183486316788
-16.0063185980702 -1.21509836718448
-16.5334514048098 -4.70641469491564
-14.851123655533 0.0380683621739994
-19.522366165131 -0.202179920532802
-15.7281186238427 -5.08901985813966
-12.7871843349486 0.0857540497592117
-16.9165185421971 -0.817235717362948
-17.8376808378677 -2.00693551202224
-14.0660324276903 2.62263162536487
-12.127633051892 -2.37189048520986
-11.5363125505045 -1.06578478951115
13.8092582096765 0.210189074857988
16.0674509308161 -1.34067267171617
-12.3458534967098 -4.31618863921345
17.0249687094117 2.98416849151943
-14.984638044713 -0.147885223600877
-12.27710789279 -0.462685665168882
12.9554056957508 1.56398929505179
-10.6466833813149 -0.702044647844421
-14.1555509062867 -2.52500860707378
-15.0608508950272 -2.81718874259731
17.2990341622232 1.83379570246173
-16.5070127171852 -1.35487275318819
16.9508386733883 -2.36097692408404
17.2222376630691 3.27240258312896
16.8575257871959 0.463937119911833
-17.1546145990045 -1.83803440855253
-19.0459893559086 -2.90200909081097
-10.7434054237649 0.311341671693372
-17.1043891072465 -2.11697442366835
11.3556538509189 1.39356573865562
13.0610905616348 3.59544344903395
-13.9249671471251 4.58459962807062
14.2663822384121 -2.45851691224613
-17.7548269401669 -3.72047604935369
-19.1455549470863 -0.489251751071719
-17.9919341521409 -1.23721800581516
-13.5044078583753 -2.79164540515776
16.1005749816512 -0.933187109627584
-16.1458398657897 -5.15953040444391
-14.6492051499784 -4.02514112350264
14.9589532918026 1.02665592345451
-9.33973534013987 1.71108496168221
-13.1880005394256 1.70991358043839
19.9602894200021 0.804738276645982
-15.5155094797153 -3.60134079620664
18.726699808599 3.38739915191689
-14.827119006521 -1.94287322606948
13.2592927485777 2.97330127500678
12.630103424906 3.29748854094701
-18.7668111234118 -1.18140285054866
14.2779361274253 -1.72383960120478
-13.8654021543537 -1.7887254260127
14.2439303435278 0.390172469532421
9.37324222911493 -0.387148767019405
13.1505098893064 -1.82289044495944
14.1642007885217 0.0377831409027137
16.6645440543176 1.17357278971955
15.4985642159163 2.5954892282229
-11.4712846864093 1.56560358341091
-20.8290599993522 -0.189648123649165
-10.4736888828268 1.00246984596998
16.9434003447449 -3.12146321290326
-12.3771562578212 2.16490220905355
-8.65796058552384 0.0378178634937696
13.7725931237761 3.58105999240639
-15.7579725047337 -0.897004211112104
-16.6108274403064 0.56995182127491
13.3041572934362 4.7108049343283
-14.643260632161 -3.12912405728546
-12.6985240816512 -2.34744072451831
16.4195225239803 -0.939227765010843
-17.8537084190539 -3.05202194248417
-14.4772797958439 -3.62113765249716
-18.0567239300067 -1.80566200382016
16.4419633362748 0.875157061296256
-14.112358617205 -0.943515277322136
16.2992799971031 1.93272948839566
-12.3161055026677 -1.97729403670621
-11.8698003076653 1.10016109308645
-16.1695963514644 -3.25772751019837
-13.2368830198777 3.3425787247915
19.419580099968 0.932738668937383
16.0468498266138 1.30980531914979
18.1861735998553 1.78383203527736
13.8589912563484 0.658929650968955
-9.61730727296161 1.53517909829358
16.4671356274383 3.45292380469001
18.6545048023284 1.57370868649825
-11.7696838857566 0.797332589894331
-10.0761384049562 -4.16681476990335
16.5563901307132 0.698346146463163
-11.5899090925287 2.69953535623583
-10.6558519301154 0.124351840746314
-17.6889027927129 -1.97781354330894
-14.5751261504262 0.536021047173841
16.9573879089442 -0.941843584952531
15.6757835658751 0.310709614474522
16.8698241046084 2.07859460551099
14.9407964491626 1.84705919502471
-11.3981844438647 1.55986869497568
15.9068271914784 1.49979630620497
-18.2535328744903 -3.54488429641347
-15.1563212745281 0.174477133330243
-20.5154045949963 -2.19806577344184
10.9792087420935 2.76961283425915
-9.09973907669663 1.10067482170455
13.2570221547397 -0.260114534302704
12.509220012377 1.56509371012404
14.6275870253743 3.52037090014783
16.2615558493311 1.19501347404353
-16.819560047831 -1.92447718356466
-15.3159990671187 -2.77359066251155
-17.3381962563132 -1.73285874850701
12.9477738333161 7.37574526476763
17.0259507972983 1.05686408431053
-14.8358685397183 -2.70686793904865
14.2305803618624 -0.789814420832583
14.5834630952823 -1.03016179159745
13.2853873290699 2.40109522917343
15.8848864690902 -0.256048412028926
12.2285721742054 0.459597706519319
13.7640333309346 2.38737690171674
-15.4283702733 5.44271844878609
-16.4830228023902 -0.209091959710231
-15.3834752140907 1.50599780026371
-18.116095297678 -0.468223900345783
16.7325078134561 0.187026408716092
-17.1861118294136 2.26643237659345
15.7892952625366 0.205649654677118
14.0661442470347 1.93719229287809
-13.6751193897472 1.82189854784202
12.5960570904242 1.87615340480122
-10.7875575306669 1.28397064587351
-14.3552704436857 -1.73523308303576
-19.1829625842543 -5.92987577263471
15.9984231907817 5.18843480626765
-16.3865023386862 -4.61862762175673
-16.6313263447933 0.543723637793812
-16.2680013003668 -0.293375862641854
-19.5231078793082 -1.96646116743858
-14.4469267365307 2.31973219615582
-9.59751292866792 -1.20401534768827
18.8090596741881 0.790907667663886
-15.8397527262978 -2.83957030087881
-15.0950696727716 -1.38525212007507
-13.2211489321351 -3.81753389107444
-14.4775802291437 -0.397609064604292
14.5574078341434 1.64429381445933
-22.0534227530527 -2.89552609327554
16.0330000455556 2.77121315053295
14.1850906311115 0.322112375292612
17.9229551520781 -1.21723217571378
-15.1395801360736 2.01288207022722
18.7971562257195 6.98354262981185
-15.185771708646 1.27933505864342
-13.8927244735891 -1.52017697969946
-14.6335483202289 -0.601556741864013
-15.6867271514726 -1.28018447647884
13.2381809592515 0.5450500243131
-10.7980014341687 -1.55462505108865
18.9996460528433 -1.62031345372356
15.9475608280598 1.02950258771636
-11.705017573487 0.694416132767675
12.1770387507264 -1.26419689033901
-17.9157972356514 -3.48371301784638
-13.200306393433 0.580309134018594
-16.1415909631032 0.639170826177542
-13.1084907395688 -0.766845822168216
11.2975349648267 1.48826468962441
-11.8335929032729 -0.85149229436097
-13.3484202375055 1.21260476469486
15.1057632002731 1.54854082533402
-14.2688047718062 -0.961101764579697
13.4702325083863 3.62829459643239
-16.8004955857456 0.562150072906959
-17.9665961551439 -1.10202853779245
19.3411349936356 3.05609829540891
-16.3210932479696 -0.638122406893062
-14.1383101861188 0.181316720636888
-16.5391747899497 1.4305022426156
-17.0912236295516 -5.63386865789242
-9.05938313082923 0.776252801048329
-10.9303914976987 -3.03374741178246
-13.9055708921311 0.556307089665918
13.4262454066785 -2.70175241258107
20.4438783585818 -0.12787278467267
17.4210375109314 2.50593645988207
14.2351254888816 3.61455534782609
-12.4369551059224 0.621124021710542
-16.2056368797013 0.904846050719404
-15.2094930720401 -0.0504368993424156
-15.5293118330803 -0.390812475631752
16.80739012542 0.253627432659094
-15.6992730165202 -0.849050766063142
-10.3465938529785 4.43098342811672
-17.3685041049183 -4.15904717713155
-12.2386762979941 -1.0977204555363
-11.223114048616 -1.28902255095657
-9.61997075850161 -1.19592810945536
-16.9988115312554 -1.59073556295047
16.1549620761497 -0.103387057623964
15.7403968501136 0.564239048987897
-14.5745666690702 0.657980461201664
16.515918458515 1.44402189198779
13.3318244868435 0.879910256294111
-11.0935476605403 1.93147311506854
14.6439187234123 4.40354878976339
12.4096162693823 -0.861106153185203
17.3781913717577 -0.530500396078315
13.8444677959958 3.71884960369051
-14.5517245342419 0.634007419947057
13.1055504275584 2.19689670306866
10.3075503088371 0.415246495136875
-13.618675391231 -4.32574701177793
-14.7097082851762 -2.39632474385409
14.9448469647431 8.0541342245907
-13.5312333704952 -0.675469366671123
-12.3729087033567 1.02097597899739
16.0556612764894 2.64690155679946
14.7165556468054 0.852564380940332
-11.4878053439694 -0.881012613414385
-12.8954870754614 -2.92818932717096
14.0839800924082 -2.27421422385547
-15.2908158465282 0.436419040645564
18.2486307709982 -0.741433054784184
-13.2744275529656 -2.37469658771569
15.8638618056322 1.19543940600542
-17.5537629027778 -0.469378476824268
15.4350887576946 1.50198471810071
16.8400950189376 0.807535201341093
13.6390709502998 1.28020731837811
15.0242421393052 1.20812360607106
-12.5506842459251 3.34673967123221
-18.5220297381492 -1.61237942266479
-15.6570822735428 -0.165265896423362
13.7871288423923 2.91235715854065
14.8600642389892 2.30508483522918
14.6348823552472 0.284106039421732
-14.551086013628 -1.8367455801943
11.3124302895315 -2.74825612931973
14.1256122285377 1.61410529959379
-14.1066343051438 -0.821502556479186
12.0092556577684 -0.251135791931342
-17.0503107856074 -4.33714283042356
15.206292465454 -0.258706585473589
19.2793823232277 -2.33269260985176
16.0089162062183 1.06128391378288
11.409619745684 -2.14906682774326
14.9706685204193 -3.23869700873799
19.1796694549906 0.0150164615625874
21.4293199085796 3.22783133025292
-12.2811903579187 0.655650323888424
11.0083254807603 0.882366517293666
-12.112713692663 -1.08962213995521
12.2613146543244 -1.88511073532199
-13.9251628430989 0.69936936079875
-16.7003426338894 -3.41175291878816
-16.4612106930458 -3.59298589447789
-16.1273698991605 1.60167797161937
13.3548963251528 -2.05022420416704
13.2256287848285 0.986600309180847
-16.2306726509464 -0.105549735431157
-15.9476836357429 -3.1744608247295
15.7678837919844 -0.273633891023514
-21.3428847276049 -0.699947244148187
-13.171893307233 2.63179732601336
-16.8433769631773 2.3667547477197
15.0558475750202 1.08237973507492
-12.0722974990198 -4.36184893070969
-18.4737041691093 -1.56628872850054
-15.1862023086848 -1.25718784585112
13.8267935299348 1.24706629050355
-13.855541707653 -2.17859673938065
6.38597203190806 -1.97310959200564
16.0424411348268 -1.84269364074739
16.0422545838737 -1.56689317388628
14.4315513056344 -0.375215926176582
-19.5145788691944 -6.23717438553701
-14.9320295153557 -2.35388312107618
12.9473946664454 2.90292513029845
16.6862314870545 3.16919197593136
-16.5867455425097 0.351106237114808
-15.4414247128008 -3.98074253628633
-13.7009403010175 -3.58678039005751
-17.0839488255921 -2.98350193162676
15.035653518287 3.88237096991783
-15.6685551510989 0.541384255880907
-10.7835309499125 -1.07348825183094
15.307876012046 -0.791935674757752
-15.5338319398029 0.088355065408011
-17.1060566360408 -1.44653837476941
-14.4276005245104 -4.2667920056658
-13.3470861511115 -4.66184797947638
-20.7234757843563 0.745282893767596
14.0636324125348 1.37565484979393
17.4326306937287 -0.396096746428293
-16.7659161338751 -2.84883036511107
12.6497060659383 1.00592054467708
16.0431680119217 0.344639264387671
17.8619914846439 4.20993454822002
16.5120192467963 -0.0968404386108315
15.2185430152981 5.44098214396771
-17.9408914334334 -3.27939948980306
-16.601243919471 -4.02705333273762
-14.0945426016098 2.75344397187668
-21.2519089527565 3.15757878202377
15.4375511893893 -0.617311941835357
-16.0382149517422 -1.37404498719771
17.3374555981276 2.75132174555758
19.0049268597828 3.03643350925735
17.0777095770145 1.31365340842595
13.1040500132641 1.77958879888925
-14.3707418740504 -2.70494014006493
16.7102825727184 -0.769601160771767
-11.0787040532332 -0.309091114372993
11.486332375944 -3.13483310150315
-15.0486471883543 -2.57663312415357
-13.8296583611932 -0.918561961585136
-15.4491361600425 -1.18397614537112
16.8619094331559 3.19764177243602
-14.5628084262413 0.881789626007674
11.9762406707682 -0.00455070576115779
14.0767790124161 -4.25300626577756
-16.5689910554538 2.45247866922419
16.8053600051537 3.53936584886002
-14.0866826673241 0.488310970745735
-16.1689355082935 -1.59220104103288
13.8520079801114 -0.406675781479149
13.5009896673403 -0.752994407335608
11.5321594263438 1.32927677708343
17.011521822149 2.51082917583168
15.9434614971548 -0.845489724774468
-10.9468160493604 -0.101118944814361
-14.0004075492666 -3.2829746466699
12.0119192122331 1.68844588201806
-10.5401779710658 2.28609994070492
14.3234639599375 0.752073868518728
-15.5756162225803 0.0721768836552683
15.3335017696914 1.03574541424888
16.7795561458372 1.63375373982074
13.0129499618203 -0.184710339487889
13.7930661289342 -0.624573199863506
-16.633926833757 -5.60289214110614
15.9445222184381 -0.675387443365746
-11.9050482448918 3.88305031023582
13.6574629841476 3.89338417526376
-17.8574383092166 -2.33979944607592
-15.4486984224189 -0.648835090257724
-10.9354295688435 -2.11826066943328
-14.3924933920655 -6.59946927089683
11.4624681377458 0.671146576920446
13.8823805312069 0.210370034955632
-16.1719506191202 -2.84186490203214
11.4222925867873 0.86050395668819
-13.6916816120115 -4.1184093046135
-13.9571823629794 0.675398605637774
12.9353022339662 -2.41276092937619
-11.58854684187 -3.73215014052615
-11.9638026732687 -1.22801261585418
-17.8244411325394 0.931239682429157
-13.7630622375587 -4.72832785154973
16.1164330646477 1.9961150208313
14.9444693475919 0.674809110539822
19.1818123905325 0.567033105585593
13.811442463153 -0.956887838920534
14.8510104666481 0.287025034830372
14.0101049629333 2.69815743992527
-17.7135446319907 -3.1725655201886
17.7351176951317 0.484753217182842
16.8217279010623 -1.40889486439065
-15.8308678039185 -0.930102587540722
15.1183863011715 0.301737631754687
-14.4249895251119 -2.36742853550332
-15.4570709220875 -2.12922834516819
11.2990799876393 1.6587199313419
-16.8053813973144 -6.32383605532255
-14.4263031242646 -3.53933343264681
17.3962481101546 2.44919376846365
-14.8322539678383 3.0688326399186
-14.7179324276874 -2.74498989446725
13.9717036409488 -0.909136137200708
-17.6099677823698 -4.16207136623217
-14.1380966032757 -4.3284688948439
-11.0386773728644 -0.121120816536959
14.3129263023208 0.340925520776922
13.5794168707784 -0.68496532053419
14.8145639807174 1.9932851223869
19.3955027385801 0.710072222028859
-14.5327023805088 0.264316749184467
-13.2676805106677 -3.81985478957616
-17.8923388318153 -4.37905829122531
14.0948552384272 -0.61626577047947
13.3906699838681 1.98215368617305
-15.3736045917159 1.16816971720653
13.4577446562691 -0.0153801689041707
14.7498975558417 3.53508570079239
15.9520824314922 4.19345022942204
-16.2939236829392 -2.62997863487252
15.7890169756005 0.624378850030404
-15.6158503794816 -2.05970061434927
13.5812991371716 1.97379353498719
-13.1437975320449 -1.01046909152263
14.5342551205369 3.18899596417196
-12.5913229116225 0.385149804941669
-15.7748556687696 1.17878000177257
-15.527081664162 -3.01429091365564
14.9419689363809 0.96207045389977
-14.7085576753192 0.110263221116036
-11.7384188454629 0.392849308322159
-14.4804936899278 0.166939502497283
-14.5126031285827 1.16118905007134
-19.5197375680319 -4.98740790061651
-14.2032790244937 -0.83767859012603
-15.1753219890569 -3.26846418991207
13.2474584875273 4.9451183555461
-14.0073654325009 3.86091987756121
-13.4377722655181 -0.852640696527787
14.870918511601 0.400082599809635
-13.7189222857608 -5.04098748475506
16.9297943074666 1.39868577766375
-14.9690909495968 0.772533437491371
-12.0611334023836 0.149210670881508
-12.3477466540783 3.56492935562172
-15.6868089281453 1.3440637749762
-11.737844516332 -2.00926554274549
18.9039125800237 -2.45596184461136
-14.9326108730076 0.377645941355414
-18.4182249333753 -3.18395748379804
16.5727576508886 1.53930803688132
-14.9810639999483 -2.45986241414859
-17.4384639653967 -1.39397514382515
-19.1598852638722 -1.66237770956975
15.3496468973019 4.11960040575094
17.5705915125173 3.26767067795955
11.4779511461532 3.25313701378633
16.6262599734336 3.39443771018402
-11.2566223939585 0.728120046529324
-17.0418745759454 0.615323567418658
16.4634305220443 1.74603118880706
-10.6124401514246 1.95662681102212
-16.2531991011198 -1.48275251827811
-16.6915146706797 3.06130191549976
19.5645707556013 -0.687196192835884
14.7893150609569 0.99202227694289
-20.6470888988826 -3.34576744037157
-8.52737928094747 -2.88996213333536
-18.8447463163716 0.0803171646411667
15.4118949443529 1.81870601765869
15.2805435118295 -1.36487005545368
15.517960964505 1.22117273878674
14.034649075653 2.1430642427684
-14.3288699028539 -2.45828013782547
-16.5294298639923 -2.524268117675
-12.9427602562093 -0.520722180210731
-15.7140705371207 -3.64147270792237
12.4595435224143 0.0353589897272263
14.1634353037514 -0.853776848014924
9.82404391554171 4.59524552282809
19.8531237941929 3.27031628616343
-16.0198178212834 -3.64342594201236
-15.6847659946915 1.43872771537405
-15.9191758513992 -0.369009818206211
12.4175483126714 -0.370592422730251
11.7254162792654 2.71407995774956
-13.2884986958915 -3.81960635060807
-20.2192452607989 0.50685928851181
18.7650126363141 1.20595063297433
-18.3829287253105 0.999985910917954
19.1334043323405 0.100192150408959
-11.4835481357981 -2.17927014517013
-13.6507629517107 0.582185892943057
-16.6936766562142 -1.38968158661491
15.4743634583569 2.53611792258454
-17.839077879852 -0.0772973768903498
-14.1208628283166 0.218948305184405
-14.4518755721798 -4.86428429880429
-9.94152052747989 -1.86568251592673
-9.25810649094829 5.59189887050772
-21.8989629530325 -1.39887627497244
12.9020483029774 0.6593546241014
-11.3630160964391 -5.97046638968947
11.1631048541389 3.21248198338615
-13.7748112792749 -2.2099117309003
-19.5236102185469 -4.42059869134451
14.9439917158395 2.47157138283442
-17.422169357776 -4.1127209583895
16.2515029337861 3.93674090154482
-14.20163356072 0.268701735782671
-17.1978439226192 -3.01659470227024
-14.2258736032713 0.760740043947916
13.3188512457799 -0.507794151936204
16.2142902744887 3.12226564941519
-12.0994913872417 0.39745712857534
19.7245447008509 3.15413582313646
15.3694568998078 -0.946483522661852
-14.1986268198575 -1.09531584337778
-17.1591543268599 -3.40422720837347
-10.4043945555895 -1.68840811060348
-15.544532643386 2.77001342822488
-15.1394562879462 2.23189661841782
-11.1351229925821 0.153663071186205
-10.7853533039044 0.655353474117851
-15.2733367678831 -1.17984053870167
13.2621717474043 1.39110623766253
11.7767690784511 -1.1078101508889
-11.6991722717802 2.71294058729945
-14.2789379938596 -0.0212678013283373
15.864927907521 -1.36785090796667
-17.9053671494716 2.71546991054949
-12.4884473027642 -1.23017283019736
-18.3566358353247 -4.19129875287997
17.2037992662045 3.02830099144752
-14.0889297352177 0.859713206314215
14.4649948249035 -0.509309512185566
-15.6477461923351 -1.61212965663995
13.8642168647562 0.925721970210857
-12.5355790247995 -3.05930489838888
-18.9904491396502 -1.445461566027
-13.6188163736065 -2.24217215972055
-16.1557807893015 -2.9250607772413
17.7158020696423 1.96583711662543
16.1681476251805 3.30140298334322
-22.1900623297843 1.3544856078573
-11.9244384825165 -1.02493231741345
-18.0865037206671 -1.29119363457531
-13.8529108992213 -0.0614846203758593
-12.6016747555604 -4.52247953087755
-19.3623915458574 -7.95184274356725
-17.4626428247073 -1.17186957105096
13.406142874427 1.32711528811846
17.8815292962853 -2.12067821937082
-13.9238938167762 0.147793915457716
19.0465336184004 0.711894329564463
14.5912054329969 -2.27000705549925
-16.6448296605932 -0.27128114739081
-12.1051028752104 -2.25368516826568
-17.4219282667562 1.22867909357726
17.262249886735 2.18783642698014
-13.5965681979027 -0.177323320127117
-20.91507415205 -4.28937158391924
-19.7774917652119 -2.94494084238285
19.0430012924565 1.58255408908224
19.4702536630679 -0.352798516444917
-11.9435665441496 -1.09983949792928
-18.217694368128 1.65553666491756
13.0211849819702 -0.396751299516969
-14.339210867069 -2.85908034082022
-14.9983276690535 1.72675314248279
-17.1799932817207 -1.64092856222803
-14.8160180943139 1.50009796423887
-15.2848445196494 -1.39194560782515
-19.5233197013356 -5.5416077677904
19.8061414910849 0.6613653921466
15.7541998145709 3.66529137796345
-13.3350364165008 -1.40771743307082
15.8175505007326 0.954288335934177
18.2247388759525 -0.730887282110028
17.532032325161 4.96762946346403
-18.449678314063 -0.00928303225216853
11.9148095073536 0.278578359101994
-10.1417646773967 1.65690756748295
-16.7660716065547 -3.32592856302342
18.3435854251725 0.95150596574494
-16.2323298881766 -0.261906310230014
13.64414653767 -1.13048710072192
-13.7137581110289 -1.95133951713382
-16.4247742538904 -4.30305427689207
-13.3227606654218 -2.42852585384437
-14.2819136888066 -4.04769417128897
-13.1335369156939 0.0265363745005819
18.418546759638 -0.198647493563205
11.1034909030147 0.624104748391545
14.933881447652 2.84742840424023
-16.3078044141284 1.48486933979279
-19.3695367324003 -1.46234327592668
13.9523519127279 0.233096376808277
-15.3749302051385 3.41521442014999
-15.173426143703 -0.504135151555355
-10.9371914272346 -1.75486414188623
15.0943335913446 0.533840846247067
11.8329632330437 -3.39780251784028
15.304660616942 -1.26148621962034
14.7111986019571 2.08291780340035
-19.7833741570498 -3.69919357177692
-14.228176952957 2.28615557735709
15.6483425564446 1.78042704751263
17.2631664679791 0.489587168260502
-16.4965280007895 -2.6676484102444
-12.8646664169824 0.790630880762355
-14.4198548566189 -3.68333528740173
-14.1994173962206 0.975083520857639
12.0330950125538 5.25043390785246
13.6898520440167 2.44936905907046
-19.4206293170643 -0.843397902489482
11.712797753633 -1.42145106073394
12.8066754369266 1.17703928320325
14.1487854057587 2.42880237122097
-13.3205503183727 1.96394343181412
15.1270631050154 2.8127638903476
16.5047531284144 1.57118005198776
-20.4789690898644 0.459752661426976
14.3076528613534 1.09953036968996
13.6930308476069 3.06961945445871
16.4210278014173 1.55892064338926
17.8553767760738 0.315859595841045
-17.6595648725617 -4.20751820927256
-13.7020325608575 -6.28700629181819
15.2516173460351 2.16637706406074
14.6454135110267 -1.33474058155006
-15.3867368960563 0.104932618727411
-13.8476865350048 -0.304350129470897
-13.0580002815195 0.871903778830605
-18.2421294875834 -1.44988644285023
17.8106953412157 0.707272886556818
-11.7709904317659 -4.55878809358688
-15.2619086490982 -2.79206754646415
16.2717892406025 -0.321950635580609
18.1652205748263 5.53157396555606
-11.8326332914199 -3.33392822021717
14.862292991821 2.90728077732557
12.6559611154801 -0.200601866317512
-21.0692482302716 0.327916383192005
-18.9099779515902 -5.11965558911854
-14.7939516992766 -1.42120200331197
11.5176325735738 2.26645805662874
-17.9842508576821 -4.79708155442469
16.4446124900912 1.72670241900544
-15.6423197804034 2.66175158066206
17.2588903902676 1.28923138491663
-9.99367839249541 1.560600154608
-13.7607058532895 4.488772450175
15.2761320158477 -0.672646849734856
16.1861903669708 -1.75106210972697
-21.9169034285283 -5.77677551890524
-18.5943320792432 -0.488286220123516
-17.7542240777237 -0.973892557970537
-13.8149796361176 -5.74539888745575
-12.9797907544187 2.08919891355452
-17.2284141311876 0.96481878367119
-10.7022107179458 -4.72352851467199
16.8811779177109 1.80657542168135
-11.6464134168965 0.89892271058602
-15.1108897572128 -2.59637748016298
-16.5930163605003 1.9400232097151
-14.0154105809519 1.76648486986697
-14.7784242484222 -1.86875166848818
-18.2408944752536 -1.27892538078189
-15.6055320010556 -3.24868440580406
19.4010481017957 -1.60121534026899
-13.4193957068568 -2.02486762515206
-16.5497969459413 0.771873943699964
-14.740913987545 4.69959509183113
16.4612987206007 -1.11428821485057
13.6295097811462 0.389756106735911
13.4971636849866 0.958610307972007
-16.1504523453601 -2.92031099749796
20.3616847849132 1.6889115558701
14.2929993025541 3.78458642784102
13.409271851625 0.928715965250113
-7.62524845797162 -3.15509557056025
-16.4962508510942 -3.1114926224445
-20.7472177658335 -1.90653865667182
-12.6523703570971 -4.94479707781709
-11.3497565173738 1.81836786570983
-21.405095313166 -7.12932169764332
14.2812863864137 -0.784536681977737
18.0646552707365 2.76447965119836
-16.1254067268257 1.13677424119891
-16.5530825319434 -3.84098714964802
14.4912136392708 -2.74666086233143
-12.6282060842322 0.375703344828157
-18.9061018090753 -3.04757866667228
16.2857216227389 1.52496963217445
14.7936102270433 2.07488748453826
-17.5237155107901 -2.13601016433727
15.5742271096687 1.80160589245601
15.4461395756434 0.115017694954809
-15.8226964475076 0.106664704432652
13.2540961169469 0.597607836149019
-19.6357267692511 -3.96511729356909
15.7391290086201 -2.07060490317862
-10.9684481881068 1.82703772948971
12.7010708307854 3.37904231460006
14.0626550620673 2.17619281013128
-17.7302752252316 -1.1578086641367
-10.7285666734412 -2.21540929970588
13.9462838787315 -1.60793415806826
18.5756919509515 -0.464759181972159
15.3450736014277 2.37243686045626
20.534063042985 1.99048562079787
-13.2987990197614 -0.434199262380431
-20.6477763979834 -1.53659518524874
17.8615123049202 -3.7027931622165
21.6747158852957 0.0935864223048086
-13.7077824176599 1.00368782170335
-16.3951337591692 -1.66054043622091
-18.8019594064123 0.413383737499502
-11.9596842014245 -4.51812952411538
9.87022407227218 3.41460387958383
17.2067997577564 1.70197286651672
-11.8947329407009 2.38738571759386
13.5089240210136 -2.16494093882423
-20.6434118102933 -0.586971872646813
-10.8123892788341 2.55890882153402
11.6022864218877 -1.60188526871806
-13.4650139322959 1.9375465909398
-11.4920486637248 1.60262437126401
-15.2990683635419 -1.6161880618987
-9.97397137230805 -2.32588755060529
15.5601124570909 -3.39379952906362
-12.9249823384222 -3.4683833923002
-13.6051527301587 -1.1389346883821
-16.1197669599233 -1.46451259800643
-19.1686519068132 -2.17495124883138
13.8556781924001 -1.34223405962072
-15.4686508763391 3.04090966441818
-14.7677435105045 -3.05725708899853
-10.3845192720972 -3.30028313756086
-15.3632887103672 0.103537139423544
-17.492121566834 0.379267394704369
14.7617510388366 4.14515009707856
14.8081962516731 1.67626662076336
13.6325347820861 1.59592320730947
-14.7316916298113 -0.693697872878176
13.1317616138362 2.63986391091437
14.7445330603626 2.81139777815364
-10.8426928456982 -0.113464427312005
14.0840312027509 -0.666236853696506
-12.6594776208482 -3.63431723921865
-13.7028986852277 -4.37223932895045
14.4784409208658 1.41416224332448
-18.0077986211466 -2.67501758491557
-12.4410840068045 0.434471008090458
15.2850933679984 3.74440487403451
-15.0148981620302 -1.10490246693314
-15.1472100766023 -0.407673892966433
-16.2559014354292 -3.05356615102952
13.4801365755953 2.46552920954444
18.2881216478065 2.50920188839281
-10.8545580292422 0.777274321044515
-16.9009412003741 -2.66556195070447
-14.40979092106 2.24527563120959
17.903447718197 4.21050216070277
-11.6739416103437 -0.411874439490413
15.955460537772 2.80947171844704
16.4311371828817 -2.10802372600733
-13.1132906031223 1.17200562621094
15.1434665166922 0.143299769735909
13.5220143873519 2.76476032858063
14.0729610078417 1.50489683025683
-14.5110961226439 -0.653101545149448
-13.2834242145745 1.88574696523913
-20.3717051481615 -8.05236899205092
-17.3702205841019 -2.0422620194275
-14.6869684790972 0.595393780887907
-17.5460847919312 -1.7164896298681
13.9866432606368 4.04615970263409
-14.6629772198658 -3.27352434740463
-17.3608560293212 -5.13329563826868
-19.1560696799834 -2.10331748506691
-17.2023479356776 -0.355569540873963
13.9244160543513 -0.541164356836472
16.148266403459 -2.58662006164733
-14.3139982882756 0.584927767065867
-16.8205750776161 -3.88032423059627
14.785038543071 0.228395878877877
-13.3591250498828 -1.85272545883636
11.8116371880722 3.15751143443209
9.1167137905885 3.93241498157492
-14.5069847773722 -1.52385887969775
-13.4896453319295 -2.870331574112
14.9944020454246 -0.452796564653197
-13.0704138545575 -2.38143336439502
13.7601515144775 1.92197790915472
-18.0091422406889 -2.15452575713265
17.0093042891422 3.91731133105137
-12.5136879960252 -1.20142398349041
-11.4193275420117 -0.431534893073591
-16.7544151119417 -1.67090871526663
-16.4515108838235 -7.36128454993933
-17.2978720693604 -0.744531268448927
-12.3567684142602 0.85713525101651
-16.0921385206976 1.57568069550952
15.2313263560955 4.14505529792632
-13.057679983837 -2.81425288001427
-20.7656444272571 -1.38305124083178
-13.0883266329076 -4.20019425236746
-17.0255767646738 -0.610956012228869
15.8915653874398 -2.78984475677685
-14.9193714489808 1.13593795362516
-8.2378131398069 3.52419986492552
19.1014110593871 -5.21011881448099
-15.9942720672048 -0.205154747327534
-11.848386756492 2.91651710347558
-14.6691922778245 -2.52152580253311
-19.0074691017701 -8.22786549230285
-16.8596379160496 2.38246735594944
11.8332593645957 -2.2658367303565
-14.9681338244714 2.1936921310538
-10.6007506888544 2.09327619664834
-12.4733835603836 -0.46974438928079
-20.8958233757965 -2.73270841743525
-16.6692986393739 -2.95544962097024
-12.2520696579736 1.61379319393348
17.325853683628 2.51847321355189
-17.254605311908 -1.56591025429216
-12.6217808031494 -1.67622102468041
-14.8312574537831 -2.22774929180556
-11.226785687987 -3.54943750291069
-12.2269821632329 1.53900659946942
-17.8477223718386 -6.04575177644372
11.6508477936536 1.14668615082042
-14.459179870154 0.886729350783125
-13.8792193184581 -1.75230426028712
-14.3201530667747 2.22007637875429
16.2929451969217 1.60645974580834
-10.8894626301662 -2.94395064443493
-10.4926527338993 -3.33287608099144
-16.9782167514965 -0.851812836545697
-14.4315516986152 -3.08150558510821
14.3785880649118 1.56145714250826
13.3217952597471 1.04573805753323
14.8208239516116 -3.50632214500442
-15.3064384098263 -1.68390934752698
15.4888349524203 1.02887842511351
-13.0328773619413 -1.44620600256098
12.847938660615 0.755269781840702
20.2492297317011 5.1611665613206
15.8263084645454 2.37234975465703
13.1065915559753 2.64170146458086
16.4377069129418 1.74318434406903
18.9389637593428 0.663684443969823
19.7525200961639 1.79746669009688
-13.2173000833584 0.178684754879376
-13.1709489295262 4.91792182603307
-15.3412383143704 1.7077425586491
9.93383197119401 1.48620693184695
-12.9386106193797 0.444251703493465
-15.5929203174535 -2.04383189260239
13.0071230855345 0.224322907053884
-16.0970774415875 0.33860680796409
-9.12558048631122 -1.73872592434877
13.1017892486024 -1.01462697942851
-13.4174523817512 2.6186626072832
-18.6311400275732 2.581643989302
13.5171268561387 -0.166195547171701
-16.9533540469534 2.12554370320887
15.1637107953486 -0.787729431038849
-15.353416968296 -1.45730684972225
-16.0716774524893 -2.04034060639108
-17.0063105264027 -7.19932374675523
-13.7033796993408 0.984416940526869
-16.8368154818349 0.462739389211496
-12.1910936237378 0.141117306054157
-17.6377862122777 -5.37328897594428
-11.9636835656095 -5.49228251141124
15.5297077203113 0.68857022861273
14.4959773968093 -1.2555470781437
-18.392232566488 -2.57595686885061
18.0071215722302 1.99123660720712
13.2877086945413 4.15170967582029
-15.3893558140467 2.8868458798708
-14.0135590871706 0.738231715401964
-14.0679277730056 0.782504337608668
-16.11703969818 -3.48009031022161
16.8026004885552 0.834061777477952
-11.9533517875876 0.430180747195182
-16.5780380698872 1.00587828818594
-13.262261946611 1.28579031474485
11.5878778504731 5.76247793913993
-15.7199384732443 -1.11760305684131
13.1959347866245 0.985005675068391
-10.1653256831034 -2.39627380291834
-20.3831230022396 -1.53370037926405
16.9803643252001 -2.65221563675602
16.4926666926086 4.96834341179479
15.3393634848054 0.514403318639139
15.4370079013392 -0.322373676665613
15.2420069028838 2.76989000087422
12.5444416022887 -0.769799732120495
-11.7837551664353 2.67282980214519
18.4518118669818 -1.27226014225686
14.0960539449082 0.353678576835676
-16.4395332727281 0.449094137672911
-17.2953417929195 -3.37857672703743
-15.8303109022766 -5.59759817840686
14.5342956186469 5.0613569169634
12.8134171643539 0.616872554712984
-17.2438600341204 0.0728851361814258
-19.8447214983558 -0.980081992744083
-12.9003522717827 0.138194454518314
-17.4070858996451 -1.53540756566576
-18.4762564536708 -3.92032837199376
-18.4099623599376 1.67382928589741
-19.6526884644003 -5.4783926801285
-13.4543439983891 -0.925029687860153
-12.5668545162279 -0.715387244839281
14.5417238379645 4.18268258531515
15.1034612922872 2.77072668845754
16.0169110513084 0.429897408364834
15.3736365685696 -0.532891122058259
15.0895148938253 2.40742872217981
-10.4847732861532 -1.86995749215739
-13.2830342260509 1.53463115031899
18.2828979959024 3.19515343732223
-15.6963640860844 -0.23113006505893
14.747196491538 2.21847839700501
18.6559692269207 1.32996251233633
-14.5501496984952 1.94664078090202
-11.3921660719916 -1.01408103115974
14.4676832953067 -1.55514100610436
13.2186344927443 -0.446422520114053
13.3257775027585 -0.58554579527
11.3666232746001 0.0400809824155682
-15.6187320241082 -6.43150830391735
-11.1239746172423 1.39239197607399
-20.5260412919002 -3.97885707848288
-8.38530526156291 -0.382732532849516
-15.9680988922361 -1.02648509739752
14.0675315454426 -0.170084762974156
14.2305373949724 2.21881348718843
-16.8407410137187 -3.99491131109517
16.9413400125619 0.621064237500657
16.1125712568317 -0.312514894966359
-17.6248095000414 -0.220603988719995
13.4062747084053 -2.01858658460786
-12.5268067352194 -2.24523540662363
15.7018940236201 -1.88687455527863
-18.5211045923246 -3.97884394941287
18.4575310416998 0.851461925371239
15.9427670455103 2.63643050082411
-11.7072935296416 -0.388218992767996
-17.7605335741926 -4.25102836487439
-11.6887489313701 -1.56377607257504
-19.7112441581944 -1.28779349553772
-14.9274476660061 0.14978300781033
14.3443209314617 1.62773482557743
-13.9914856151986 0.144891688894615
17.0844169709277 -0.474075534916061
-17.8518060053094 0.43720846094969
11.4896131061012 1.50616167547516
12.858012221108 -0.701217781788489
11.4267934333202 -2.00628699140803
11.3370643390318 -3.69081453253293
-10.9539402074508 1.96341724830673
-20.8743438331416 -1.12285695548174
16.1949996139969 1.35341191196107
16.2876525499067 -0.392736137891618
-16.0740871629857 -0.582144540378328
-18.5727275507981 -2.62476178924938
14.3386131273962 -1.64646753261957
-11.4959222211935 1.79588492899939
-15.893579036354 4.99366899204484
-17.510933975728 -0.673662947540749
-16.3567456612006 2.04824208044807
-19.175032799106 -2.67220542060423
20.3329959576755 1.83022777656629
-9.69848481225158 1.86635908164828
-13.3123314255872 -1.50097396559595
-18.5540758387092 0.634158804387625
-13.8843085538335 0.11679039239282
-14.4459485643969 0.29528106866788
15.1733365994398 0.636101138647232
-15.2979456682627 -1.47151650477929
16.7533687934105 -0.217378767455321
-14.589714821435 0.728579491491254
-16.7987950849056 -4.8762584186945
-15.5274662875937 -3.88344095669551
14.7749065400468 -0.247477759969532
-11.2521749001725 -0.198433779523483
-13.7988655619773 -1.7312788007414
-16.1406134597479 -4.02657204088953
-14.4823987538399 0.783517641653023
14.6309212175304 6.26195104563453
-14.3665705536136 -0.973117404970629
14.0657251295472 4.87832434413424
16.2788024963559 -0.399281757218261
14.3994359121655 -0.58373838967688
-17.2996675310534 -1.09827736545996
-15.5407182480969 3.9658198059128
19.8002669333935 6.22233099096649
10.8224687926957 -2.28378884987907
14.4710949099374 1.13367590593306
-15.7606765637969 -4.8562185262127
-14.0175585292386 -1.72041192946826
-13.6386943103852 2.62383486102798
17.6202442731808 0.661316947631413
11.6723863502079 3.07881982983877
15.9601839535852 3.84609734932708
-16.8753843003614 -1.79543145549898
-16.0450628268517 -0.161581801132407
-8.22670869630226 1.33686743170122
-11.5363995210564 3.20359639358351
-15.8121747670764 0.534492677292152
-15.82785231168 2.92381759483611
-12.4056056895895 -5.83414889110163
-14.1053502788789 2.18459576848568
15.091803323015 -1.01440085273559
-14.2517080816164 0.209592653850288
16.1524023793321 -0.360967084131286
-14.8516337871986 -1.02926473558705
-17.8783986604593 -1.06589130488105
-11.3434264082423 -2.07129003932422
-12.8966611233168 -1.58212407498239
-15.0638347687308 -0.913746543130107
15.8374728577659 -0.301437659683216
-14.9273830257601 0.776764186842915
-18.7092882727658 -4.67387301032941
18.620100694918 0.709533300068311
12.525861696741 1.84603292292
-16.9098856967698 -2.51524938459746
-12.179607062983 1.19296813993304
15.0816926400868 2.75093751025676
-19.5307731271836 -1.45975122559528
12.1933335279734 -0.057004958625023
13.0072026788161 -1.06491936313866
17.1172432578518 0.687375809356607
-11.7105497638284 0.403189667396188
14.6231462348356 0.746720952641435
-16.0792680275976 -1.43513596802705
-11.5958187421871 -1.1612647017699
12.0921385021458 3.76375743609463
-6.69259362132909 0.498352139630992
-16.9512159404975 -5.36175355383504
-13.7809877048654 3.63972843455054
18.9820057576815 1.62118918758764
16.3642061998699 0.679040557198151
-11.5703211550364 -0.0939520693963335
17.3631695555234 0.984642414095683
-13.3494471668555 0.576281772704903
13.7672521469648 3.43162503319501
-13.4529931512319 0.657413558701025
-16.1156930518457 1.0529369479544
-13.5462207493941 1.36544767342095
17.5581130543196 0.507423638560057
-11.3408825507491 -0.200816140544847
-19.0323243028975 0.556370382732791
-18.3372455917782 -3.67608659302727
21.5146891565143 -1.35096328825634
-16.3696118226204 -0.50877734746949
-14.4749626314932 1.75808197709629
13.7754671671442 0.12160119559644
-16.9063240328471 0.0938783920174875
-9.36259427302612 0.772252313372823
15.623336948943 -1.09109826054044
15.3756107641235 0.610327360810364
-13.6351218846419 0.579111749168944
10.6305144263407 2.9142259255462
12.6939950765974 -2.5381402326625
14.6643684819196 -0.0639432080334614
15.1090700952189 -0.251895353553687
12.2428080366177 1.16747463755774
14.0301151249026 1.92563262099533
15.0911746812084 -0.746672697472102
19.4762442605379 -0.798096372489937
17.3605256136164 -0.550553403092193
14.7387001930112 1.21374545269358
-17.6189412476955 0.627107320491735
-17.872301378144 -3.69611784111231
-14.7488117831255 -3.39914754335987
16.5055972863505 5.01984178975712
-14.709101787355 -1.39844647768155
12.9206602060934 4.4722789411321
-14.2447612954675 -2.80082085643327
-15.6107511614014 -2.01315085233779
-14.6452149237015 1.02235337075642
13.769656070656 -1.7812454546438
-17.5337081299727 0.628759855653405
14.2165856601631 0.987165400485826
14.9966542600213 2.17599253304306
11.6881695312417 -2.13579635142319
15.0465767470087 3.12938664568369
16.0728697331398 5.95390844581274
-20.6065031950985 0.611306723677443
-16.218740418379 -0.739780850954546
-10.040341893457 2.18053529426506
-16.0827218765602 -1.14171050172743
-15.7248579898825 0.363321737068334
13.9885599296564 -0.084455407941946
15.5254598268762 -1.12140609415662
-15.0972388975256 -1.58558382661744
-16.9987356029525 -3.46921930605592
17.4409965414778 2.50387312054319
-17.5978908033612 -2.03427190426125
14.6578768763693 0.998532233052382
16.6339366771687 -1.86382601739831
-13.3245435534853 -2.90351511362323
17.5356008293717 3.83467624653954
14.145236596873 -0.450344905125933
15.6312381616843 -5.52310357133507
12.9334351454832 1.67483993053504
15.6612759219825 -2.4136453602965
-14.3354477612737 2.00609697360193
-17.159885754642 -1.29125154882789
-14.1987787969416 -1.67367488655235
-20.2721718793714 0.262429632235178
11.1978121904981 -2.35540502868039
-11.2705913901476 2.87532289841005
15.8413792088496 4.08073604696065
-17.9296134417472 -3.97397437954053
-16.2091305618976 -0.918086348397932
-13.7682642642367 -4.76845460370219
-11.2489193058193 0.388320166648585
12.9684836867223 1.53559049166893
-16.1619408437119 -0.456062681842919
-17.949612427877 0.291693200629798
-14.5127368839255 -2.47618772426448
-15.7863771536364 -2.91583790182025
10.6223929778166 2.1099558273258
17.0477359365903 4.18596969070066
-12.1532342507148 1.12249575802199
-20.4822207971225 -1.97084426376465
-12.3999918543181 -1.2612271380611
-12.3196835698936 3.81257400040112
-11.9434610684815 -1.14498543800697
-20.8383897245722 -4.31233296830018
13.7276501405068 4.73399287502155
-17.594703397644 2.4308642817471
-14.061592196246 -1.46482313304803
12.8143614382373 0.920687413377545
13.9181943632322 0.581297267338356
-16.6546121673078 -2.32697481357984
-10.909380440323 -2.71560123519739
13.5928355357779 2.31170031358985
-15.8511395189818 -0.778675282588054
14.3263309063851 5.61408994002069
-10.9347485311347 1.3202767678383
-18.0697735573284 -3.18929069148037
17.3502087602679 7.18130306000881
-14.1721447060697 0.0444323746321227
16.4067189556345 2.12602325509741
-16.8002000197266 -1.1194912569191
17.1404803149719 1.33355189486574
13.1885531743486 -0.0675714076469438
-14.2071275691625 1.33971039414765
16.3853345588737 0.111803725742929
13.9764258726094 2.00776347446352
12.846824816233 2.0604653192341
15.0181770007308 0.487273299634706
-13.3330002687081 -2.6211383874407
-12.3052932169331 -1.13235324446024
-16.3277768559459 -2.98876468762712
-15.049010780097 -5.60627245517214
-15.8042632707429 -1.54016124514673
-17.7196533471514 -1.5748048960166
-18.1247849918358 -4.22991487730005
-13.2017493831006 3.25678962596597
10.1564308461614 2.39442766952371
-18.1417498370317 -4.23589300382141
-18.9509199133069 -0.872115542403194
13.7836431088195 1.76561959926223
15.9807496821323 -0.471122954397871
-20.048902721049 -0.422151909047948
16.3470399450294 1.47615207388394
-14.9616389589736 -4.6469924648955
13.7795802293377 3.12610780398176
17.7601556687521 2.79787459353518
15.5524245392532 -2.20042597421312
-15.504208925967 -0.0110325697988872
-14.4908826472598 3.14852971137109
-17.0248541511888 0.707002881113309
-13.6633206827106 -1.90025305061933
-18.8680717292765 -3.64193398541942
14.0401583736022 -0.303279325721995
16.2767115068234 -0.73334026462352
13.3019979787909 2.52849229356586
-15.8186965659461 -2.05011839972022
-11.971453306185 -3.70702102802578
-16.4253884805191 -1.78471668756429
17.3799663012817 1.76082490600551
-11.6555596695043 -1.01512483205142
-11.0314505435103 0.357296144023854
11.4434629496127 -1.69031126544439
14.7890568303189 0.903450282556055
19.0022676425309 4.61241038080483
-16.096310179273 -3.57037332764746
-13.7785795786583 -0.711703196205304
-10.8718120910367 -1.04355952296567
-16.6844625538646 -6.1962830459824
16.2862852437431 0.846458886110099
13.9356024293533 5.21391757587848
-15.3990579270783 -2.27781963715812
19.9244896128939 -1.77355276111457
-12.5455102466015 -1.58006048954562
12.2516007090853 0.684637065033885
-14.5672746562539 -6.39293446427439
15.5685886169963 3.38168864697105
-15.2031045555065 -0.617065264717325
-11.2635498927499 -1.47433476687456
-18.2366810575688 -1.75244086612983
15.8706732902243 3.69030576339791
19.3438475963364 3.63155686146826
14.9863405928671 -0.577774548331944
-16.3942458580815 -1.17511284455455
-18.4884262707132 1.69265146413078
10.4342846295397 1.13947671636515
13.1380003002884 -0.00214281639897229
-15.8833134418523 -2.24596833530035
14.7282275009584 3.01045686376017
-12.6177864635649 -0.504810865662417
12.4955929286658 -1.38698067070816
10.502606165153 -0.599575897426607
-14.9941510581459 -2.70230387626358
16.932222210573 2.70747399862344
-12.5282850871175 -1.64474820693751
-17.1676232326711 -2.39884515764109
-11.086924558946 2.81624669143683
-19.9165639669308 -0.971356917531285
-15.2340135313943 -2.2569048005884
16.2434480429079 2.71827554780314
-10.6136489136858 -0.153895688740722
11.1543909148239 1.70046277020599
-15.032269080175 -2.05885281903914
14.8792373563944 -0.0177363799180299
14.3492255520432 2.50557421595982
-14.8637341381367 0.628752913636837
-18.0959933427812 -1.31653342507215
15.6153276963752 1.46365619523184
-17.3109908627276 -2.94389469297133
16.3832724350541 2.80283196449903
-18.6456734128915 -1.43703187638631
14.0208844535491 0.463614346147186
19.9619979468424 -0.800936683943729
-17.1206879854807 -2.76317116967402
-12.0764981105425 -5.18561481151555
-13.8865321100349 -3.32262614206038
-16.3427939870981 -3.96649226099544
-16.278473792223 -0.948099041128661
15.2779997082556 -0.942480156022238
11.722937463331 1.11880832497639
-12.962286002775 -2.38932178465808
13.4646824359869 4.56599996070253
16.0052357221254 3.39096465522471
-18.3805088405769 0.0552682871055544
-13.3399613614894 -2.0058311708169
-11.6814915092263 0.704720417188447
-11.9395828404806 -3.54497642636907
15.1954585261575 -0.58180960796464
-16.1323482256357 -0.642131996503711
-16.3901522831665 -2.655135253596
18.2902531977394 -1.28627561067992
-17.6255376841388 -1.61832820251655
12.4202731842321 -2.74078600974502
18.8175494117575 -2.21591028610511
18.6908625877992 1.90645577397178
-15.6040962052302 -1.04702753579842
15.7934837148677 2.81215340989952
-21.4942874364745 -4.41263778878333
11.8002190885138 6.09490883970494
-10.3402452584365 -2.24567418951245
-22.0944468876796 1.51698486036664
-17.5799597806358 -3.63734125112055
-12.8346327771181 -1.53129450411471
-14.8825013293017 -3.48659593297586
-12.6020468736552 1.62885388864836
-11.1668253378708 2.69777016869603
-15.091344939352 -0.798337478030921
-16.6740842203144 0.434996305821426
-12.9619642347518 -1.86294163962652
-14.8044012131311 2.00199123435248
11.5614234166749 1.13403372064071
13.1725817864337 1.07583656444789
-18.5850763676568 -1.44340228018664
-13.3994939990406 -1.11417747471205
17.0002289468198 1.0424973892
-16.0620782184152 2.52193926078147
-15.6346786805152 -1.99217844723792
-16.497873712289 -2.24030299540865
-16.1056609248078 -2.2227687116749
-11.0198636319073 1.19200581587985
-16.2534235883563 -0.730430793973084
-10.955730336977 -0.764220401696136
16.3811418242167 2.4401439161883
19.6267567545856 -1.21198743563819
12.4852850168311 0.0774559911370444
-14.1462162098016 -5.58764465311544
-15.471577020789 2.34885688218562
15.8227340426791 -1.17652554598918
17.5259405143345 1.40927525794945
12.6889680307387 -0.29947888604
13.9882077045283 3.93594539337659
14.7949479082615 1.88920109057221
-15.295654319135 0.439781626441144
-14.3213379274076 -3.25798588978197
15.1274882014882 3.90560475452019
-16.7036365681809 1.97662733362014
-14.7649198098842 -0.50691392073256
-13.4843150012257 -7.48587064081155
-12.7234152491717 4.44272367841757
-17.312208096107 -3.30798301013423
-8.46071984760323 1.91164812902795
-15.1741335464492 -4.65529898749259
14.2167463018831 2.54230609410231
14.6548813615326 0.228955259248048
-12.3600630025626 1.77516530842629
-9.41838531018468 -1.27102953352958
-12.6160834368703 1.5611791366506
-16.1513382680294 -2.27171614749471
16.1181976983147 0.336306675418051
-19.2508848259702 -2.98895991354788
18.1266821675301 1.32074748766707
-14.7325059025845 -1.07515692951119
-12.2511987913065 -0.165902270055218
17.5120410981654 0.819668561781934
-19.402292635924 -2.69901516631825
16.425136604309 2.1458303847368
12.3463202356587 2.35483157996575
-16.324409202576 -3.45790716729152
16.6629597479221 0.76429172377651
15.3688849502422 0.10987142094705
-16.0082693456686 -2.11665690664425
-16.4905102709466 -0.33937331984516
-20.7949360496371 -0.995649987636914
12.7881026652969 4.4916477662328
-12.316903698021 -0.72922413577807
12.9080750969196 2.15597282327481
12.6294244342554 -0.134618767265147
15.2449984970323 -0.872077928988314
17.7850883241838 -0.810933872159986
14.6538912332483 0.963882254159095
14.4253700134983 1.5802181209784
14.1072578607964 -4.87123436093153
15.9216159345485 1.83663211028075
-19.1431426432469 1.38318386732479
19.2256954486392 -1.9725776402272
-14.6749467960692 1.46815225081609
-21.8450053107734 0.229695901730088
13.1576070426089 -1.32655328606434
18.3583322937877 3.71902271382201
16.3503443403458 0.964939594370652
-15.2193795492054 -1.371832635054
-9.76434499305942 2.43406530978447
-14.2697404848274 -3.75628807494461
13.234876970062 -0.812011696450422
15.6536742409086 -3.8622098919182
-17.6717354562795 -1.35089553679932
-15.3431483153018 -1.92945240513241
16.7955622073497 -0.525180106390485
-7.33568832725849 2.39505044699599
-17.1151612265641 -0.977209715565659
-14.1804035894312 2.71883712463042
-16.702852126078 -4.95336385197705
-18.7800619268663 -5.56230520206644
13.529316974534 -1.90157426220463
-15.782390765569 -3.89610673714307
-15.1472396349266 -1.30314456477611
-14.380716067279 0.526258951255413
-9.84707634731277 4.71333046198212
-13.9457035288661 2.17455491328314
13.0497618438718 -0.587072878699636
-19.9259606999868 -5.22375203472608
-12.6588380690928 -1.88743405181493
11.2925118177592 0.720645226224193
16.4229974718765 -0.151710133178974
-11.6797464449753 0.987757183143921
-11.5199391849555 1.54750120761903
-12.9683568428116 -3.10392308262036
12.1553492132764 3.27715096750074
19.3831744775718 5.42721152237331
12.8461943586978 3.253532863167
14.1326054953098 -0.0396697300719316
13.6955352670789 0.810268178855313
-14.9584231256723 -3.08304106552643
15.7176094619093 1.12409457593508
12.0329405578933 -0.430259538223628
-16.5184467128685 -0.643177134784219
14.5493410906834 0.412410448791626
17.2908402235026 0.189014851129485
-13.6134932432344 1.87205485557599
11.9776499102164 -1.16926054390096
-10.7183757804273 -2.87496499739586
-20.5478027791047 -2.43166533488807
-12.4284268836599 -1.9670340692044
-16.6242494781219 -0.743172343911552
-11.0573514445055 -3.95858877118522
-14.2114826728625 4.41539478269521
-13.4000832602526 -1.86109909428162
-10.5404655991244 -1.37855529321109
-12.7156539482068 1.11193500507144
-17.105092802747 -2.44144950147653
14.629075766526 -0.295618555288707
-16.1057402859614 -1.69382805466889
-12.2397961653106 1.39900488571723
-14.3288807737186 -2.22030044445642
17.6993937906937 -0.849662274480613
-18.7879712355955 -2.59828632220699
15.4030514705806 3.04767374903374
11.0855350502252 0.740761932970728
13.7655531996236 -0.149871878770319
14.1648893730534 -3.57363894426754
13.5915638239879 2.97085063398145
-12.3151891339333 0.201499639887962
17.4177190531293 -0.585939893546029
10.7585986311191 4.39517435465052
-17.461023213333 -0.883765537650823
-18.3136280034996 -1.43821477103208
16.1244123008634 -0.103276939412331
17.4301732349675 0.68376774575931
-17.2414775121714 -3.43194949308588
-11.7267111240699 -1.15421965978977
-14.2377912235996 1.26469875968219
17.3438233576669 0.218440565841846
14.9825194283181 1.40485091474418
17.3169309629989 1.2814979136373
13.4812584759059 3.71922993934232
15.8792620681247 2.13523058136659
21.9810900833191 2.6986317130386
13.6916330885202 0.148021810466817
-14.5163762481434 -0.68219182310258
-15.3102320446697 -2.1511601464334
-17.1881861250697 -1.80310978380398
-13.050926811124 -0.0557507727133429
-17.5826965006996 -2.38545313070973
-16.3083058802004 3.17528419268516
18.3707491236951 1.00827906121456
18.8414211415671 1.67389565229085
14.3465472010223 -0.571613731260987
14.7870309499818 -0.18608471128432
-12.0786957577793 -0.503008004336583
-17.1434183396323 -2.39542702411361
18.4226743842319 2.64682392053901
15.5334806417355 2.55990121090934
-14.1008743243219 2.19552614535487
14.415427665536 0.437412738056466
-12.657941636414 0.288479171874195
-10.2817948503123 -0.0348933309338695
19.5250205474901 -0.800958801881597
13.4849286374629 -2.06892447473081
-10.0157482970735 0.227145622465325
-16.029823277033 -1.59546574865291
-14.0376076339389 -0.841405089155167
-14.5152665172523 1.53141105023493
15.2173063773886 -0.0942934625115099
-8.72237141382356 3.56536493466882
-13.28784920831 -1.11712144068009
12.1608483948698 1.89797743405989
16.4688245470849 -0.226945762075079
-14.7884956512941 -0.0192750242826332
-11.1869151958141 -3.75449179567658
8.88635070098422 -0.134655868588444
-20.7768516352969 -8.42117449300235
15.9132184392996 1.03402227297384
14.8182568775235 -2.53581351251034
-16.123946359233 1.44655932067681
17.17627082579 0.955008244533142
-13.2538682172016 -2.83919784879966
-15.4949723522972 1.45994937315046
-12.8927891465937 0.43862488412935
15.4124266161972 -0.167460095851775
-10.4860661334415 0.799597576110228
16.4332777704563 2.57074788052465
-16.4107983558509 -0.258251417136866
-20.7084793367417 -3.25397423813971
-17.0382721845634 -5.67312257892272
13.1511013698079 -4.40000857292136
-19.8045073577978 -0.937169243223467
-16.7057714346972 1.294102818242
16.1775741366091 -1.06308546895798
16.6189254910209 4.24613840766154
-13.5226301453958 1.67198075092331
-14.3777436421134 0.605719301008094
-14.1623814650688 -0.360465684225145
-16.7557551664575 -1.32892049582162
14.9157654434346 -0.259506759411689
14.898453827888 -0.0791663651671932
-16.1695245796771 -1.78018697267411
-12.5516265997561 -2.03176763987815
-11.6278326862277 -1.06627126219182
-11.363495589717 -0.360983971243684
-11.2021791058743 -0.266933906137542
-14.4138036373917 -2.71544922961891
-15.8558858468243 -2.60290133276817
17.2926581469826 3.12021009293454
13.1948870511864 3.06251637731171
14.2709147834695 2.53462833649437
-12.4529545160862 2.47117588641816
-16.3650955768008 -2.77742385282737
-14.344098167245 0.824499611877505
17.5852867489458 2.03777599471618
17.8996260443817 -3.5879825731237
-13.5302059587994 -2.10741940959982
11.3078240598346 2.93718153446309
13.899717361284 -0.624511837243265
-20.9491882572255 -3.22144646747244
15.2162604399718 1.37298467203053
-11.2252623659817 0.391074043232427
-13.9502587397994 -0.133943117204772
-16.1352487619603 -0.266363967936009
-14.7507462261508 0.548590163984337
16.3353941540799 3.65967607703504
-10.1661311109828 2.65222697901536
10.4684717456354 -4.25179333407767
-18.1378393833148 -2.31310192859237
12.4258269166654 3.51661250174899
-19.043341482442 -1.53991326733862
-14.5240666519763 3.5074046259991
18.1649890723263 -0.0690394249306574
17.5921678153469 4.6238011748907
-13.979185545226 0.490157626679355
13.5860340576915 -4.24047361204922
10.279155239601 0.998244179606816
13.1839906543486 -1.15936945274118
-12.5440703220473 -4.32965929896203
13.8221409419751 4.03508292149282
-18.964149438873 -2.64877989777369
-12.0307719830649 -2.61774464827418
-17.9450219696794 1.33077409258474
-15.6337871270621 1.38975328198019
-12.6308668278525 -2.67867265708272
17.5699774783052 0.23954350330463
-15.8564015758366 -3.70882666626281
-14.1156947946419 -1.00268944897174
-16.4137810772779 -0.928523707894119
13.4999411930718 3.16215294883
-17.7328846853786 -1.55239565975119
-10.7084438081483 2.21007400321152
-16.4080785723911 -3.91483341173315
-13.3897717577339 -0.151796916724023
-16.2386407870105 -1.66767488203102
-16.5614702679428 -2.15115043701495
-10.9391936101434 1.69729503615849
-16.6910009181432 0.0710664534675503
11.6117555761928 -0.260408646193456
-16.3883060283671 -4.82952271960026
-19.251997602433 -1.70612114499821
16.0473724649309 0.478858592873228
17.1805918694158 -1.47311698500157
-17.450574375537 -0.808168902044217
-16.1793788815091 0.85762738949547
-17.5096227176441 -0.0146060577365306
14.7264854617813 1.09276185022119
-16.4942784255376 -1.40240760070557
-12.9203995912755 0.337215937042804
-15.8295769353436 0.665430437872137
-16.6603888552471 0.259455287749297
15.5205322572775 3.22147392213509
14.7158574517427 -1.25011157610994
-14.9194545458523 1.72595761702764
11.1506200328183 0.378919673404729
-14.3321751382291 -1.01652848886243
10.7395114096543 0.942460062984364
14.4010536384951 1.42239886472409
-15.8119242891481 0.38656152691917
15.4230014123712 0.515877165916436
10.8542207697556 0.133240985252235
-15.6966376611785 -1.2512334674787
11.1452669831342 1.58671774724494
-11.5434502199888 -1.83102390653503
14.5529941063875 -1.44866908240392
-11.0920844907885 0.638698940470629
16.9964858602404 -1.35948018108141
14.6041662467432 -1.4777774081676
13.1443405793869 2.84335811562852
-16.2207511852922 -3.913496362491
-13.2391526623679 -5.89085926170412
16.1603031957489 -0.304588863651375
14.3644144281909 2.8905700166779
-17.1729357311204 -4.78575532849384
-9.26154826957263 0.985012298537403
11.6685173503018 -2.91462130139347
-16.5090166892103 -2.74184234440395
-15.4634149109885 0.715840639323163
-16.3138575801029 0.673840161182088
-18.3300330868685 1.09216652450301
-13.8297335757712 3.20508028351628
15.5472450200864 -3.00880895004372
-17.4254385041404 -0.790579660268934
7.59570619941237 1.9155711165984
-14.9069823769554 -6.94727962223578
13.857287378166 3.19039712801976
15.5072856724086 0.137734325839823
-12.9318775875516 -2.02710930497287
18.3171693891873 0.859482286748763
-17.5177700848666 -0.638393200726662
18.2040116742575 -0.596854107195663
9.5177705536603 1.62397198384907
-16.0369377593429 1.28472761080627
16.1031468570531 -0.313056413419656
-14.5886222772688 -1.14064470063364
-15.290510638069 1.11342983420775
-10.0054890097798 3.37033257670211
17.605953844382 -3.69847870088952
-15.2588520603659 -2.88133439941001
-18.2023520743433 -0.974285169163724
-13.7099129124968 0.481093609651502
13.8620390154031 0.571871472585962
13.8613764517859 -0.0976719205598773
16.1855388236542 0.644668290619552
17.2911568485651 2.30137163452088
-14.4968192302899 -3.50500514365608
-14.4219916970551 0.539180177768042
-11.9159761634348 2.37832198738741
12.860468338001 1.34937080937182
15.7865542029219 -3.96824852157255
-13.8369641829729 0.504255606612261
15.0370461741527 1.84165260037221
12.2346878636413 6.17990048535528
-9.82208983802564 -4.7664929273642
-13.6460515243972 -1.39607401469225
-14.3793106809395 -0.221368256282977
-6.72433413258309 -1.43526761297991
-12.3089073633029 1.03966013438977
-18.1733823761567 0.363896212831087
-14.2944138903152 -5.27394767421119
-10.2981063791114 -0.662324784188155
-15.6823032566223 -2.76253481406493
-14.1302320158291 -0.0515680503453059
-14.8899238878813 -0.988166600822753
16.8962204097071 7.1908108510487
-11.061406166404 1.25077878461318
14.4696219804573 0.0680472969582764
-12.3947339436798 0.0572985627370133
-13.9839814497664 -1.10310801367555
14.0465024477953 -0.830384873679143
16.3776815573237 2.78702944192701
16.0192995718598 2.65163164134188
-12.4422189746614 1.20324478117148
-16.7877901710647 -1.32467787949434
15.1023792080223 -1.62725759449008
19.0393874748275 0.880619184180435
-14.3994148166043 4.45313489804729
-16.2513085437294 0.938538484809879
15.4690611355434 1.56144589093839
18.0305901008371 0.7721474331649
14.8769987488885 6.12834060400398
-12.2397386904695 -0.70321983883926
12.3140619979428 1.21831300582507
15.3000537675715 0.0850407763801956
-10.3647629444755 0.0115029438608969
-13.5487415382885 0.411825190474669
-14.0028216891509 -5.51774897237357
-17.6863605475938 -4.42895274866263
17.4388091181805 1.18662635550313
15.0140716987409 1.60094528184357
-13.3580463896546 1.66545903004558
16.115398478357 -2.2632617724623
-17.2910355221613 -0.980713136975476
-17.2067504660981 -1.64230721611626
9.85320225079971 2.65738310928595
-13.8382511014747 -0.302252440011321
-17.9637954381254 -3.27149922198545
13.8007672637891 1.89552221181979
12.6980857798538 -4.95356384793813
14.0234307475239 1.21578955336438
13.4732309657557 -0.702187241558002
-14.0992625857262 3.30340185668295
-13.3488268700248 -2.43909307518719
18.318458796294 1.50045638897278
21.1784909519699 0.0252775072852057
14.4962907553202 -3.21891164861652
-13.5133914842908 -2.1012161122186
-15.8913043177641 -2.11027121179485
-11.5691468440671 -2.25625026505535
15.5085189897938 -3.20064342530828
15.8952594166012 -0.535618999599569
15.0037161214497 -2.62342175384203
-15.1990772722956 -3.48689406303261
17.5859262417719 2.71500108927212
-13.4076040807704 0.489808187629067
-13.0841976781777 -2.05013655950549
-12.6666297526243 3.0114520833322
12.8690762891727 -0.936341821180232
-19.5439338734553 -0.993340780867626
17.8684164721592 1.73741385647058
-13.0499361732257 -0.154472314606155
-14.7396809115221 -3.54859992171699
18.6077024802098 1.0054844285541
16.9096016732717 -0.608616657200696
11.3302853814287 -1.00269751254283
-14.8937851857786 -0.981353744046879
-10.0883817551712 7.20923876524037
-15.6705385382964 -1.05007911731128
-18.8952330250109 -0.798016868387867
12.654269895416 4.27564198743236
-13.555890303331 1.9657650740977
-14.519989637704 5.92562360068089
15.6882982402906 4.58650881343673
12.2362139462919 -0.0431415806816885
-12.7680030413454 -0.13921351664774
-13.6712320758025 2.48496734137767
12.2123105790626 -2.99189990662552
-17.4276288370241 -3.60724463378352
-18.8841595391283 2.75312073450317
16.0074205664958 0.270373353659935
-14.2381342642801 -0.942672464382351
-17.1359609324544 -2.80925249023348
-14.8120960265244 0.777935085496219
-10.3017701878847 -1.25045033153404
10.4436247958949 -2.66370393863278
-21.072579688015 -4.41789978360178
13.2467641556188 4.37578873321324
16.5289553986205 2.55171413685141
-16.4806465535826 -1.03275422629721
-16.6671145738086 -1.90772375341091
-15.2470388212728 -2.32263396408381
-13.6220829531125 -2.15580843141837
12.0765532967918 -0.247507952462273
-14.0955565242045 -1.73062869667635
13.8130261991514 0.796908815269836
14.9871543616873 0.771175249817285
-9.98943044152529 1.13190533484661
-14.502105415742 -3.73877542217077
-16.9072129193887 -4.4351340233601
15.3385284143049 3.55739881495953
-18.4854948160292 -2.65508063146144
14.0816888406596 3.02106117091982
-14.8431652143233 -4.61419854240779
16.7304771486122 5.04907355533736
12.5089726203958 0.752909061619093
15.5002350299478 0.922469857012254
-11.3145206748178 4.75271379332459
-17.3780628433505 -0.902172273095923
-18.1774930627674 -1.28311465964193
-14.2449499743439 -5.14360380619528
-18.2443347793806 -0.464761329087303
15.0808161897062 2.1580723398941
-20.4488420025206 -3.14534161197649
-15.7786987350434 1.97530455168136
14.9649567542987 5.45518622498308
-15.2477704288834 2.43055811171102
-15.7012144437326 -0.0269197252561085
-12.8340573199574 0.415704764031131
-16.1528621007306 0.73429584229652
19.2395606898543 5.55059926660847
-12.5961311619333 -0.876995514598563
-14.6603026944234 -0.394441920484755
-16.3072842934175 0.865595044095597
13.6231220915704 0.220812013950319
12.2484680551445 -2.43009805562096
-13.7667570954554 -2.26646198896072
-19.1146512926328 -0.0351464310947769
-14.4211652601063 -2.63063927855765
-16.3307110763243 -2.12346580878359
-11.6555516140931 -1.06316100520736
17.9362517398774 0.636638412564136
15.2961642642917 0.861124284294933
-17.7221856999843 -2.52309354326142
-14.8182662309536 -6.01817886536326
11.7733823112589 2.18614647244939
-17.4756006164945 -2.3636286049256
-15.3607610804477 -1.84181795887322
16.0148090573435 3.05939703171109
20.7587262205802 -1.43644832683244
15.9218145194766 -3.48357034620395
-14.24007327095 -3.04391266498962
-14.769418243557 -0.604799048689247
-18.1562054942697 -4.95294435511583
16.5980831765106 0.664066128149238
-17.3880040182624 1.93125459283078
-16.1310945040469 -1.35283337996353
-12.1919371605831 -3.41740554869668
-13.2093152636704 1.74587717869521
-19.8741054886387 -3.54839494358283
-13.2525574017419 -3.58535755286105
13.9949554538731 -2.44057067066471
-17.4341988208111 -0.677043191712562
-16.7570766050736 1.23525160466821
-11.3479018302967 -0.0713968911310302
-21.8282396405593 -3.31981320861081
16.0613696355971 2.40931493849413
14.3139929057258 2.15018157531544
-19.1410642860975 -1.94161858602
17.1572223451075 2.640211734814
13.8942350092418 2.24076333956712
15.1315570528004 1.00238599430593
14.4747867829747 1.19265674695495
16.3297462603489 3.04471361525851
12.4350426001346 2.57211288504832
-17.503782342853 -0.594207387124064
16.5606054936395 3.23628606205341
-14.3844055869972 0.967354926643223
12.355324318774 4.48000335101989
17.5775400740866 -0.958486425776619
15.3496675676893 3.28127939610988
12.9891013119287 1.09780983366187
-6.99495897147216 2.97848980098708
-12.7752345912994 -2.29820671848784
-13.1144147360616 1.71364158695249
-14.1310787256275 -2.29751706337387
-17.547220607814 -4.00525796325528
12.4244224216886 1.13286004210999
-20.0263672464557 -6.02577163377667
15.1252481743455 1.05565022251716
-18.8424863839987 -0.134900045592239
-13.7105574643732 0.185792640175965
-18.1569841773369 -0.877228145088714
-16.0630995079725 0.801765996082668
-16.0277662486566 -1.46905341623266
17.4305775918669 2.12110861658475
12.5983168606572 0.253989148262094
14.8435429698656 2.11356222584815
-14.204751018993 0.644172982088146
-15.1448413003707 -1.66357618917298
18.6982721191735 0.995696407405715
-13.3847605340774 -1.5806562642018
-13.8407051397047 -2.56494429025929
-17.2923880763272 -0.0599068451555638
-16.9301788449038 -2.34720796729887
13.1211108027384 -0.591853648360339
-19.9141273292077 -4.19569004037015
13.0438398109337 3.98501426685234
13.6022093799947 0.0157267204601849
20.4425803567742 -0.803235711990236
16.5608889870965 -1.64604849271365
9.91315751623167 0.049774478868902
