x1 x2
5.19313764620806 3.92656606394378
2.03087245179949 5.25992736638675
-2.93657180922787 -6.68951143091044
6.91395515093642 1.24415843340644
0.796890676097058 7.54488989532111
3.38026794995915 6.60604661056075
-3.60390920116823 -7.84417591060726
-3.90537860229468 -6.43989727741572
-0.311609601005371 5.39724048582586
3.27003643517495 4.36470589111924
-3.30121990942013 -5.47509659776498
-3.73990856507074 -9.7671411666986
4.29297860175991 3.76950158391338
-7.15316785345068 -4.53601027783372
0.121924376784013 -4.840790551621
-0.874404984768427 -2.55093780093237
-3.88015410244765 -2.74315286547005
3.12409699274828 5.54705399673215
3.02935092774976 2.4064902672361
-0.314131523363392 -1.81501552284059
-4.39704349334937 -2.59888196740666
-2.4028047771559 -2.48095307727317
2.42129158047799 4.84588831661797
8.26323544452211 2.01126996272759
3.72017118627844 3.13297484229486
1.25722559525995 5.75003166669666
-4.95568142613085 -7.54754020208596
4.5763072151218 3.23682705381269
6.56245608134976 2.78237614258548
3.51170534986276 7.84626673418173
-5.02033807451478 -7.39276762661273
4.91243047415267 3.47953433439086
0.613657212376911 5.79503698026362
-3.7059739622423 -5.84723936656362
-6.23671504831735 -7.86864101625993
-1.96411136085927 8.78528027169389
2.62032009975807 5.93045203125097
-1.76599539562055 -5.15124847152854
-2.97917449569524 -4.84815991112294
2.74063875631721 3.87386755214361
4.35165387294942 4.94535931007511
7.09150881553814 2.40196296915494
-0.359634547961051 -0.0563001969292909
5.01279934121411 5.61271672984424
4.81602587192732 6.77072381935028
-1.13799633159183 6.62009833469475
-3.46253823523699 -2.44725352666743
3.50479697111397 5.64226400959246
-2.48162228765348 -8.10643062740788
9.36603443289586 -2.22899904261782
0.275441802095033 6.09380974250959
-1.35695111482451 -6.24449419395386
4.37868792349234 3.75723927770853
-0.877793582151417 -7.67951638669124
3.20324461918733 4.65708615268422
2.1588942801629 5.76255052637529
-4.91767714417777 -9.14683605841962
0.126548499685832 7.55916786515413
7.41428795367435 1.14177190489515
-3.98847596971859 -3.88780356861671
-1.18119509255353 -5.15354611896797
-1.94708355446555 -6.8893172246675
-2.19739375518189 -5.05264677413352
3.56605653879802 5.51474655376532
-4.89319251826034 -2.86246641783738
-6.99843683761083 -2.20166919417794
5.06881560694217 5.5410294253907
1.44348881879828 6.70292618750531
4.12194191716217 4.27176652957196
-1.56889483674301 -3.84382506273327
-2.99128159528953 0.47457834138791
2.68399638851315 6.71543668253852
-3.17085380885551 -3.75161688702993
-3.16178026174481 -8.43831475050235
-4.96715499938195 -4.94337649917246
-5.75422707887162 -6.0209867461243
4.4750655114206 5.91863710039641
-2.0857359875857 -4.91883609117585
-0.439174178725926 -0.796222114840123
-1.09754645207606 6.60496687773605
-3.16730958640567 -1.3843380353411
-1.61687240573497 -3.09761728780872
-3.45333073442939 -3.58762525558882
3.85389253717975 4.24394840274015
0.962907611750323 4.95555291107332
-1.83822839281162 -2.12617292531937
5.23580533091723 5.49915966923618
-4.87393793088183 -8.98829851915344
-2.48108982563212 -4.54310110499324
1.00110129855559 7.25070528353718
5.93400079885164 5.48773745148069
-1.51317497173341 -8.85044870294858
-2.09389571863973 -7.11368290267311
3.76276379913081 7.9783141051543
2.76666469413369 5.84922592014623
-3.71792103501033 -4.29802757452825
-6.02057239815702 -10.0155787540625
5.54244723294069 3.31251586244267
-4.32759126548202 -6.01969490691873
-1.68280279401973 -2.19113671103592
3.91308286446149 5.8202559565876
-4.06391511257392 -7.69353270638444
-0.404449438155042 -1.55132529476821
-4.96014393781644 -5.17376571380332
6.60996783095489 6.20076897040436
-4.06457592596138 -3.0219626958486
0.601620447189847 0.0780926057990552
3.28508309653549 5.57669876962948
1.19163783800576 6.74477501987442
-1.56703605885273 -1.99696212032058
2.05949261640163 6.89649574911982
1.43035501049332 5.33734839880136
-2.31349578689952 -7.32818177484572
-3.31704561623207 -6.36948544441043
1.35141231935794 2.47290499172999
-2.03576863855618 -5.9643579391487
-3.01016953871739 -2.75366536187661
4.05466776871112 6.50464098461126
3.4392875293538 3.33473983087068
3.89833706265097 4.78072011674846
-4.46965405779365 -7.51699003579214
-4.04249440818345 -6.07226642641689
-1.09842304788154 5.90238334747723
1.99093153397996 4.45253940846539
-0.557208645992151 -2.24768621854682
-1.87414286665645 -7.23105355001163
5.88277612845288 4.63430842527211
4.94000472224101 4.39405072221244
-1.21778654038591 4.29596705381613
5.77423273820621 5.30261903078587
4.0595433098976 7.66666025224653
-3.49476125711983 -6.35656771405728
-2.0384530940402 7.10850988690887
-3.2714816101818 -1.47381242919317
4.09872558034646 3.23256696166017
2.51294110891011 5.40102903795129
-0.863999331311957 6.36155513582703
0.50826110807982 5.15552820306275
7.72699313670548 2.35989426850828
5.62245325291419 3.09237689940368
-0.569934601834933 6.45592354710831
-3.30413580198524 -7.58861967865624
-3.37148430675477 -1.57540496935239
-2.25186971905559 -1.79468551919164
-4.60671399861709 -8.39762759655557
3.27166512636544 5.75028814412831
-3.009195766855 -4.059927094742
-4.86169720389756 -10.1338085001774
1.46937107575436 5.71478964382998
-4.65226856547392 -5.92356064085513
-0.443843414266373 9.97122623739032
4.09642752089412 5.05374768792222
-4.05011914371081 -5.40686664429949
-2.60619097936114 4.91602037629806
-3.80289532828353 -5.90318058950647
8.16961714296505 4.75938169019758
5.91179754122761 3.46839423728782
2.4550387263875 6.99600195869396
-5.47602540416523 -4.04287201652055
-3.84689065816621 -1.77432845864025
3.28575853363893 4.9821303277667
3.60655219050173 5.74209369294301
1.73841623718396 5.10751747515871
2.8786341387632 5.05327566813856
0.874037276952308 6.46026766591062
0.941164781144642 5.29976693195012
7.80213187527937 4.05869336155542
-3.23735744531777 -4.37270554852544
-1.66674961576008 -3.2316179760436
-1.80950017398216 -3.9386674731483
-2.35951763186521 -6.68730232001382
-4.14117603947376 -4.01672141492319
-3.69968853443984 -5.57939287655259
-1.72623962518787 -7.53712349559001
-7.41487718516903 -5.24289467840165
-0.832967409292685 8.6568956421344
-5.51568672815271 -2.04679586303115
-4.79942292154633 -5.87977555270474
-3.8877197922914 -3.33754178188529
7.15742423543963 2.12680146422249
-3.75768842543449 -2.62074515983917
-3.57353097464651 -7.36789561770907
-6.25982796867385 -7.48792872351237
-5.36954597287981 -11.5681392341679
4.5288626247242 5.47279885684498
-1.87958292587592 -1.15426067244437
3.33547214131605 6.2518431591153
-0.0869934715315384 4.15925052957967
3.68197542390942 3.30304646250551
-3.51563772870416 -5.36750396944987
-3.65138396372648 -8.53164809693319
-4.12648955708538 -6.42729089037805
-5.88311881951809 -4.28080341361558
-1.28293481284968 7.12286021818775
4.56423019605135 5.79750885402132
6.47823498441822 3.22391408170241
4.57718501839425 1.40578029831768
-4.53123866178703 -8.25584376541041
3.63467987700744 2.23254490662765
-3.14137343641107 -5.16880256397567
7.93927326465134 3.12292924516238
-5.81318946192717 -7.15527443232281
-5.62407281953666 -5.07375940349726
-1.08384448019952 -9.84785661759796
7.77221161667772 3.34309896722083
9.08734563377909 1.72039990456912
-2.77599909672415 -6.26420836969666
-2.30558221647514 -3.41270780157243
1.8346631076144 6.28580634684482
3.58409105209137 5.18993636551933
-1.54180494507576 -2.59077238126955
4.73891826046712 1.89648981491546
1.39899689936991 3.40858703221869
3.72873218892301 5.92689480406868
-2.91094227129091 -6.13965877244224
5.29464598437815 2.88033194952482
1.70515964351916 7.04160321941142
-3.80332834281233 -6.2373279667154
-3.7908005486354 -3.20892120588617
-3.37765769035571 -8.29076294889224
3.57819694298909 6.43591183836779
-4.394268184822 -1.65478471153882
4.23899827920091 4.86076044615573
4.98774302346131 4.32704790490683
-5.75288397589267 -6.08862651270327
-2.81245278827232 -5.27250752356025
2.11614675841988 7.05580077042195
5.86676410220586 1.15893436380475
0.420412255296601 6.21678756362552
7.93724380696923 3.86393026298147
5.85167712902963 5.68768769537566
-0.952703035597305 -5.11545817060214
5.23360212380049 4.11154845519533
-2.77517429774382 -8.33576518908335
6.43466843141463 3.93925049520422
-0.106603570913339 4.80445715529604
-3.77955724953052 -3.0996518866185
-2.78287670830681 -6.31985350886854
-3.33115449174044 -3.30692895329105
2.20324143093326 5.03476827178995
4.52945751986952 2.60784831815581
-3.37220955782743 -4.99579515454769
3.08039971339491 6.65750520489087
5.46028550483202 4.95382790211153
-2.96665011413464 -2.05559681672746
3.13990510923533 3.62206678270509
6.08304083341701 4.79912804572711
-1.56240750511894 -1.44254030258953
-4.31999207181178 -8.15706336231086
3.50472287893885 6.12078770051791
5.74185149692669 4.45824210927981
-2.44321238668942 -3.58784091181253
2.83530654824784 5.17723245856744
-3.21275328411149 -5.98591304686252
4.73615794222345 3.12755862413833
-3.01067002392056 -5.45862970139868
-3.07067689565319 -3.58857685459844
-4.23676712256599 -4.31932511268831
3.14492660247358 4.8602549484157
-4.53397535073792 -6.08158933077819
-2.60269563613396 -5.37224079568118
-1.36897526311147 -4.47675138219715
3.39641778992154 5.17083409893649
2.08050960868312 8.79171001889793
-4.2743809304951 -2.89740386872697
2.86271599387241 5.93705272954411
2.66348418369003 2.99074924924709
3.5024604283926 4.71463143722501
3.47294967615643 4.21496027442021
4.74278144374007 4.88508137225115
-4.3615855033216 -5.46203710847768
5.77579551856374 3.46223153259037
-2.84341158328249 -4.63333106149126
-2.75888715815613 -2.13854943221301
6.25571924141386 3.17946659356852
-2.17027927530436 -5.12131599120838
-3.91173716488045 -5.05984647035086
3.9212826547168 5.120324464365
-3.30406775220602 -9.90850730173048
-3.00855211079242 -6.46853567628185
-3.30944695642318 -3.99080937193702
5.54335866947696 5.24058315658175
3.34128589616586 4.71557017355195
0.401725391045317 7.65732525271764
5.24088171881177 3.07836568704408
4.78823406982059 3.89241183313485
-2.03666503856529 -2.46969047504638
1.4148855011114 8.76060974949452
7.34629503230722 5.25147293180608
0.423360662218235 7.61586945580923
-4.52378733310239 -6.13897004105669
3.83359025820624 4.34155471834161
3.3527078876256 5.67482870179368
7.99476480541266 3.61958885247149
-2.46940558986343 -3.78913273466996
-4.2176353992346 -6.54174766958283
-5.56220418658176 -7.92054048099681
-0.441537027768576 9.42599718978417
-3.31672095618685 -6.99108060071315
-1.54397179921585 -4.90150024594026
2.10540014465645 4.95221315302812
8.1419238648998 1.91779391035382
-4.33562713895502 -6.26991280055876
6.92823369902049 4.9520757304456
5.9721918211432 1.69573653679822
0.167434811027017 7.02656193488162
0.14230376545297 7.58089406889815
-0.762009365379286 5.80843654102113
4.03891674419172 7.20300262816046
-2.26445261309579 -6.41174827272352
-3.94675731960345 -9.29152243274327
5.66237587888815 3.27989381199395
2.03572988935488 3.77130092738895
-2.42723134508982 -4.10199977813014
3.12162200389941 5.57591185987284
6.77063285491131 0.159805973451515
-3.58167353837792 -1.39983503993368
-1.91414097802366 -5.13134754526083
1.23834265637008 6.37032827546362
-5.64871556058789 -3.65347579538118
7.03403693558283 3.90989672559038
1.24825397682331 4.78854148506502
-4.7612739298765 -0.739622781748289
0.286437950833327 7.24356078293799
2.82594149599528 4.58899612647658
-0.754372366739878 -5.52922039940461
-0.897650556425494 -5.29333686659215
2.2131702838739 4.66673011107327
1.37065100128606 -2.08386977251866
-4.66460869134791 -5.14517591051804
-4.89152691374866 -4.26940941617534
2.40404402337803 4.30249274246153
-7.28292817151054 -5.7053893245894
5.43413570214822 5.03826541694546
-3.18318304520246 -7.27474807889401
-2.12336773134557 -2.42072725157604
-1.64499295495077 -3.17034176029901
2.67260992902217 0.595452422032022
-3.33324841384802 -2.8801206418052
1.15103673802945 6.34777390953298
2.20268654089778 6.37835453751642
-4.80903630834069 -6.25262358811997
-4.88296740951515 -2.54292871652672
6.92983710433869 3.80118982357042
-3.61825152768437 -2.4065581715792
1.62964702889863 5.68402309161246
2.30052272581417 5.34458614276187
6.0238433781994 0.392978923651425
-5.25544229679954 -7.02467371920766
0.760436879902586 4.34697131663366
-0.248366956535136 -3.93782308955811
0.614987616560684 8.0982474622514
-3.65421341897079 -2.8867220195435
-5.14440264584389 -6.41925179979404
-2.4803022475977 -5.46014881776837
3.54921905726047 5.36660189780248
-1.95796075726609 -5.52434601724053
-3.44169007383353 -3.83306398486124
5.35703850818136 4.18520012879898
3.19340338900973 3.29477208788402
0.520070588369846 7.52491867816303
-1.36363486692292 -5.20421348288198
-2.84093651336131 -5.25002182219437
2.29278171861488 5.37120000524725
-1.94975215412864 -4.40376158616235
3.86169221920411 5.28606648446382
2.0053027446143 3.0858360011283
-2.97681138102126 -7.00939007033949
-4.23939471297919 -3.44493225876795
3.91115706452112 4.89349173637333
5.49193159779688 6.21652360451501
-6.10187303092647 -8.18999900457635
4.70399323078211 4.88709630350836
-5.22826891506116 -8.23942206627464
6.86197089595364 2.35914951079666
4.78376713781767 5.20894653683419
-1.59613169258012 -6.70752734232856
-1.1990628870427 -4.16333871499522
-3.04101506357163 -4.50199888828179
-0.679559635066581 -1.12276714102403
1.81453520394901 4.73757750326656
5.36270503982682 3.69448919612836
6.39861610826933 3.32531676608448
2.74604879651973 6.87827876121468
-3.84369216132689 -4.58888296324802
2.41533049969971 4.81540754206473
7.06428986378076 1.75671002852391
-3.01590605693719 -2.85400379753162
-1.42328126939238 -4.56818192352788
4.5947806365768 2.73375517573165
4.76032159247543 3.55878247340413
-6.43202410578665 -7.45394487469492
-2.85904284318466 -4.32341970919692
-4.26025902052097 -0.617266335229905
-0.213036605359257 -7.74233928867486
-2.83431208253514 -3.17903747051324
-1.2399297375266 -5.11026125685117
6.58845731229672 3.54757327767401
-2.83847094057213 -6.91890575895593
-4.03206517379417 -4.53672592077607
-2.39943677981012 -5.42455430778049
1.8415676918107 7.9240169761148
-1.36988090012279 -3.49625965415454
6.37656283260699 3.04962894322489
2.95500936737607 4.77509475907378
6.83461628906095 2.63630887977962
2.30057476476048 3.70025420846159
-4.33159657819165 -5.45233637258719
3.25976003657539 5.33092549716774
1.00214331853039 5.26833847372715
6.55322694575361 2.24119496996844
-4.09334943284851 -1.8896285236862
7.7027501979231 2.9186777471662
6.65458075722804 5.07767202203333
4.17781119801449 3.97618021508248
-2.47813633896401 -5.85933734922579
-1.93854267492074 -7.18375530480308
3.97160500060202 4.70223492815068
9.08708417119473 4.11077345602223
-1.40885309291099 4.19086345242951
-2.8418969505546 -6.66844293948279
-3.32523331888406 -2.62747653918852
7.66435341678857 4.46620977070508
-4.75147310827945 -3.69617246135508
-3.94016088358365 -1.72676873614751
-1.02070436266002 -6.662791299256
-4.47815161410947 -3.05936633746056
-4.8691080438661 -9.28085116554427
2.80634667364523 5.9851753954223
-3.36005230752222 -4.82534637985795
3.56598980655772 6.36228594831577
-4.13374393650798 -2.29536642783426
5.40708840045344 4.28396317526456
2.59566162830934 5.42744725959482
-2.96215639291773 -7.64910767504149
-2.97960098266847 -3.66813313633672
-4.75694264383502 -7.61458866935195
-4.90160715646704 -4.53023835490787
-1.80896646472389 -7.06103813945943
-3.73113278269743 -3.61927714960239
-4.09111051435624 -6.62100602692369
-4.59839149361658 -4.48977881312905
-5.94106831754346 -9.03938171989237
-1.63660946005712 -4.33539476568551
-0.810274998982663 -2.52671379290181
4.53599779315253 3.46733498938211
-5.89268093880063 -4.49005657596245
0.734364360679317 7.11361431141736
2.85759424504483 3.86960249250971
-5.5560643099882 -3.9716362136223
-4.50498355175267 -10.0295952738502
5.88886440580418 2.81956908549727
-1.98000266311736 9.84594068744631
-2.9922534895911 -5.63771509609955
-2.13846483422898 -5.90571422451574
-1.16526328842638 6.15372775203836
-6.2464014683869 -6.160518736793
-3.87596831813628 -5.16613554893128
5.809510438052 0.892928795835806
4.9736148446234 4.60421631186405
-5.5626990217199 -1.5819074413878
-2.04583220392322 -3.17404523351592
-4.39532496164788 -2.72985101777061
-2.28619559188604 -8.3533407574709
3.67880070456057 5.18665296601605
2.22952392240131 4.51250813921987
-6.07634876299525 -0.960942474343451
-0.370329188169216 5.87461950313083
-3.22673518989469 -0.533309240049002
5.10938740416662 3.83254531747743
1.88269811952558 9.38010496020746
-0.0703501048489081 4.99403672233736
-1.94155314995367 -0.40548450739157
-4.38798350915007 -2.9337355680572
-3.04966244322103 -6.44341614519511
1.06773652093587 3.59821647887192
3.55111394053571 3.19416786330241
-2.2691875938461 -4.50130807779896
-3.50305482013666 -6.61428932273713
4.94245426210697 3.78517001091766
-3.85647009313115 -5.75652182515318
-3.26738974785138 -7.49899848627924
2.17833459258408 3.79405288066845
-0.833862345222001 -6.22786527988795
-2.95466141108299 -2.37165761621885
2.64304469257087 2.77870409772896
1.74168871425286 6.41932932044662
-0.913688241465562 -7.74695232584608
-4.44564824212389 -8.26479862670594
-5.66857023173247 -0.487843288989316
5.21991032330968 3.6596763618981
-2.30523801538088 -3.25236470449105
2.19770172572259 4.64653093594265
1.10452710684281 5.03842811245431
1.4340739968291 6.13139770557439
4.36995524008118 6.31522309805891
3.00770311715781 4.86472517559547
5.76753261119632 5.59539029834449
-6.00710507938533 -6.80820555732673
-3.35659801803278 -5.66477427651491
5.34551326071956 4.22861356534925
-4.66350942466147 -1.13474205844819
-0.22630698377476 -0.115898735126119
-4.21823573377704 -7.30120761831532
-2.27247018910065 -8.51649555851247
-1.73059032306461 -5.70909103364064
-4.58633949248681 -9.20579177244274
-3.05282501835408 -9.39314954983446
4.85628083348971 6.32888498372632
-2.05686232145437 -7.20224900832152
1.75838695229008 4.62692235962566
-3.47351165418839 -3.32787404436319
-2.78755905289297 -2.78227052479275
0.989330023202416 6.8575031797781
3.73529932905579 3.00072763703475
-6.16329076857934 -6.36710492483741
-3.33502303301878 -5.34722013886399
-2.8924618360403 -5.90020095349966
2.8656972297242 6.1777991860394
6.03250562966702 3.22619274308261
-4.96624941425442 -0.496565668334172
2.43645368854695 5.87407497577317
-3.88884733995333 -5.05167555149379
4.8021087126321 3.64526363444925
-3.30571637527587 -6.3151984151339
-2.20349546257717 -3.88509615221488
3.79358719075553 5.85610737534928
2.84226645294606 5.16595846868034
1.52706607188833 4.08387579878292
3.6687717155561 3.76850693573916
-4.63505793834575 -6.1794800156714
-3.38955873160196 -5.72855621634563
-0.966022223909211 -4.51034410756308
-1.68052887083411 -5.83909096505174
1.17510876040456 4.86207360872254
1.44883776296556 8.26944438115324
-2.3331772348515 -5.31693390810547
2.72505237933074 7.17541035749549
3.89814262650939 2.25911430043836
3.74063021373023 7.1903184584717
-1.30019407763432 -4.63701618560614
1.41756953459045 5.51002996134512
-3.73746349426366 -5.55808442361022
3.69803070797566 7.72759136050693
0.92058099097182 6.17303133073799
3.62824647142845 3.6707152862348
-3.95360941602973 -5.80079876838836
-2.29208680861297 -5.12170097349635
-2.97288130071253 -11.0143940089389
-2.18207122634309 -4.12247208161539
0.0423762320174128 5.96290935694206
-6.80129883111418 -6.83917232167481
0.220039375630378 -2.11292671606837
-4.83127421892849 -7.09068451514039
1.25544329439714 5.40858931124349
-3.71138593987485 -3.96497004974858
3.2257349325847 1.47430446671445
-2.70042355250643 -3.47747873403853
-3.29093847069858 -5.3530526497835
4.08556556192822 6.38794857370773
-0.95187327783951 -2.80515234836364
2.28484006540848 6.08738230437249
2.4246509667212 4.75248575462961
2.71782539942569 4.30451429228652
5.17598133962395 4.7908840586239
-2.95522208447692 -2.90713463265877
3.47247786499058 5.58004721395658
1.36540903951672 5.62639398304606
-4.93483475960865 -0.715718191236773
4.46841245128974 7.02694977801899
-1.28130956440639 -7.12907957043162
2.70481368480939 5.13558874398989
-0.0771954879549952 -0.30364319494642
-1.33868343650799 -6.4029970263067
-3.8122858280764 -7.50618145229295
-2.15668440930109 -2.67054363297156
2.18952805256446 6.63346199630308
8.84835678239411 2.30284708700854
8.15117616653989 3.85793185402061
2.8000526283294 6.19345898717984
1.46349000252017 4.8601847488222
-2.80821950979841 -11.9894918251265
6.76420856885344 4.52497690063058
3.19269393639495 2.21940236878288
-1.12161196733808 -6.52829446958838
-2.54335485660762 -4.75243298875599
1.17376615583118 7.40781641038732
-4.77645871222168 -6.26680603833874
-5.25406631216946 -3.31776463929967
-3.31737270649524 -5.76453696441896
4.32973239429179 3.38832807732554
0.753451325025634 7.38382480882672
-3.83462415289013 -3.90334798678112
-4.19892921224345 -5.28299747428632
5.09955352027607 4.78689634109677
-2.89025701740784 -5.14067530210516
-2.90830714309901 -7.7917350147171
4.08672482192334 7.01569379089763
-0.835332497650786 2.11753497570191
-5.25528975932332 -6.29560245203509
4.3193992333006 3.83341911589174
4.49792488017064 2.26323289604121
-1.37378831398053 -4.60456316547549
-6.97684773004903 -7.79143621914672
0.383659398745626 6.44863467498332
4.53851891821599 7.01651298482613
-0.597583734238248 8.15800172402097
4.38571472938912 3.47753206829164
-2.75102016304009 -8.5041630858767
0.817082764878045 6.38553813098899
-1.83560999610575 -7.42634547193048
-5.31457531435151 -6.76664922692404
6.37773611231207 2.97947377386162
-2.72017076485691 4.93296922532757
-3.64198650922274 -9.05845018042122
-4.889201266544 -7.03280950729065
2.71785676874376 5.55264896599177
-3.86883539813758 -0.779273271715237
6.08951153891192 5.46442953314082
5.33616896181966 5.99632487498853
-4.28110162296161 -0.600100236204343
6.66653890892366 4.14745705239159
2.45394913413905 5.49790675563595
3.19835589887574 6.01350928501843
-2.17973066026877 -6.23011031913286
-3.02058726784704 -7.63170511068035
-3.81799334667982 -7.04802654909202
-3.88981812970276 -7.73799052662809
-4.13042176386169 -0.846778038038615
-1.0019840166993 6.66749755894827
-2.5821945837413 -7.19562106440815
-4.27854577344876 -7.43979342066312
-3.6535638639685 -5.2082598127595
1.50967321294328 5.12152738962449
4.61259010401731 6.56193939299886
3.9829755221485 3.09163830487099
4.03749414377169 6.55193789143648
-2.78702155986776 -0.613285228037452
4.96412256719883 5.91811576837225
4.1247719257429 3.61712288207563
2.86008593513837 5.99455016300763
2.08612022488012 6.66336686391901
4.74129621351951 4.76836748671942
2.1096842437248 5.24482669707609
-1.84286392080311 -6.57194755881738
-4.68572631432326 -6.18377457254546
1.46064947444706 7.17543214832028
-6.6930139030147 -6.23761155599139
-1.49554817406335 -5.09970107114595
-3.85673229790756 -5.00122485124403
3.59105066075095 3.63088961341118
-1.89734953678279 -2.37046741768042
2.43523170690002 5.01191198575386
-4.86749231585855 -2.69866194231321
4.8879721951571 6.84828786492927
2.01883767950685 6.23142392972014
-2.64161803365616 -6.91063188186747
-7.89783622690918 -4.64848959611014
-2.54677753866447 -3.00210866596176
-1.18275150269379 -1.3780999456786
-0.0992584191313162 -5.74566697557494
-2.87857695121327 -8.55465240524516
-0.12177715882936 8.61951913443945
0.450404299024262 7.38331504343064
-3.73534057523514 -8.00210208967425
4.44953971876099 4.33362615294805
1.94417788354777 4.73365258986879
-2.55399983324982 -4.56935282212418
-4.31511286037591 -8.57793883273159
5.96932801082887 2.85995972914514
3.51124482401271 4.25260889855154
2.52836999462117 1.32539161911937
5.05726210623923 3.55558641324824
1.28765013138702 3.82017142160137
-2.31363906970412 -10.890189845964
-4.4830843628473 -2.04187034070546
-4.54753475750294 -8.27492523209888
0.356210755024846 3.44637223103957
2.00844484285153 1.70613797088542
2.49126486445962 6.32813026472695
-1.65632177686517 1.29275590026869
-1.84275302108968 -4.09255109492463
0.971392519597325 5.2082062661659
-3.71656639657436 -8.72345034903531
5.38491674009206 3.54065040805986
2.15095761097088 5.30531839297211
-5.78605907044386 -4.79190030507589
4.10849127507754 5.30072239110263
3.0804493918041 5.09914848806275
4.52868888995181 3.30509273398292
-5.06462126039696 -11.1500094248087
2.50129781153978 6.04135912949845
-1.5544752516199 -6.84287345160865
-4.44843429916147 -1.65280054871645
-4.68221932876439 -5.86150845523199
-0.696503684479799 -8.12823518951101
2.15893227459723 7.17403526338494
-2.45516163183449 -5.23473454079763
1.16893385808268 5.78039492089293
-2.68735320951735 -4.92107957021374
6.090768162089 4.84813825250837
-2.02038501015071 0.128318705388621
-3.54974698363807 -1.80260893436835
5.03049482903378 2.44681454378309
-6.16025467812266 -5.30524703604945
-2.05214834171924 -4.42414183078508
-3.72518794092871 -1.67736556874508
5.37788535752928 3.28162867330893
3.41454684792068 3.9846023154737
3.7877312143263 4.27779992329555
3.13772313866979 8.21183944625243
-3.10984034222101 -3.36674771594688
-4.31521700725769 -7.76228098734663
-6.41525602454005 -7.25085596529476
0.405594682904138 7.59047031155323
-4.56221663792672 -8.49880491969164
-5.08864356371202 2.77473539152089
-5.88199671848174 -4.70816285675749
-2.97692541125722 -5.17336139293431
-0.448304372878774 -2.93995665273828
3.9235333906522 4.77507891897512
1.36056311413799 5.40264237061523
1.08126450042329 3.85656841037522
-7.04573865889219 -8.64466727518705
3.85755863397235 3.23914897878857
3.32583916172375 6.40029303383423
3.43634735959012 3.77556128081423
-1.66679670806373 -6.03460408581536
-0.722943133073149 -9.40710856760865
2.33310819122243 5.12882341091758
4.13011996232893 4.06893814033838
-3.02478991764873 -6.19224960926358
-4.40915245522867 -7.49905786568496
6.54267224210279 3.73722267450193
1.0199355683488 7.45863538652294
-5.62535712166038 -5.1402688312494
-2.93325268551921 9.04298470356679
-1.29856321786538 -2.9174195050689
-4.80732569808544 -7.31912615091262
-3.57464352443476 -4.47200479931477
0.608613408384017 7.34318061958975
9.76721294401377 3.25739076648497
4.72685966326458 3.82028708886075
4.4107389022275 3.00297125923511
4.84880828391955 4.08326030308434
-4.31224185933315 -6.43170877613655
-2.69196430448994 -7.08778049930187
3.87047295020602 5.15187759548695
-1.4371701931478 -2.68133859612499
-6.93582448390295 -8.50135576216067
-1.36003138680469 -3.15165833539214
-3.3460365376125 -2.53268880047413
-5.35688565934468 -4.3547188436239
-3.22810279670731 -2.26289190829903
-2.21827312349122 -7.82547523236352
-4.24729266812524 -10.0123644979097
5.20081711011889 3.95923103187347
-2.96516726871989 -5.52773427236428
5.63907134506318 2.4827816539698
1.90819437909905 5.1379061493932
6.02448754428197 4.38857927421987
2.24583191620487 4.94720633377067
-2.49784470426962 -10.2179795802237
-2.17528134239388 -2.25330786010732
7.72229293983324 2.24603040743497
-3.80798096756297 -6.89917669209269
-0.679849268971718 -5.32715969792433
-3.73522680879355 -2.37772948490935
2.52640332282626 5.36992770743783
5.0221883102325 6.72289123352845
-2.43837602948634 -7.85185813216369
-4.96960144432155 -0.029375810796604
-2.27270229442092 -6.10161139041584
3.25764450884214 3.60974027652381
1.63308274620769 5.53705157464451
-3.89583304441359 -2.48676729022827
-3.80593387870533 -5.29632381125552
1.55749323705749 6.64528938705913
7.6836807884651 3.64156864474254
4.07140724605428 5.02214494431026
-2.65915255038125 -9.03587012431597
2.56001616610158 6.36761095661978
3.45630741123927 4.55247714607768
3.53144401034705 3.79152141899387
-3.46806352353385 -3.24734210955739
3.19493080713187 8.31208367193229
-1.26588923666685 -5.28312313676309
4.14632551875952 4.96462832407574
-0.652352131039406 -4.0123730119696
-1.8815375089573 6.3067968239299
5.39685270376409 4.61164596176155
-4.80145162179696 -3.19151355040163
-3.70420157762084 -5.51563305267425
5.48598834039861 3.73236494258098
-4.08633773687315 -7.24274799825437
2.88090729996344 4.48375865608036
-2.23068522245215 -0.418712616975358
-3.51938877134869 -5.78655644248356
3.82510928767493 3.9365037389982
2.64864161289753 4.57051100812507
5.70383015870919 4.55488616280719
-4.86718292655548 -8.02401670181709
-4.67688321173193 -6.12839391136124
2.68068198828909 6.47969152407913
5.50826247684965 4.22060838823644
-3.09403396968595 -6.51650310513986
-2.8430716621975 -3.2677088632733
-2.07694045936062 -5.5797331766923
-6.54904442065443 -8.43783208886544
3.20835531693326 4.6581686918469
4.48714361273062 3.51088983884106
-3.78439374215417 -6.66778786666171
-1.45936038459201 -3.24366762442244
-2.03143876196427 -6.4376988102135
4.10414460351036 6.15467012088348
-3.34703359056034 -6.14111041628501
-1.84985148425014 8.75701906747165
-4.03725182068962 -3.60986241855692
2.94337542216281 6.29163577415511
-3.30925982225666 -5.45459136251374
-5.21453472390466 -2.11127263966876
-3.983981979195 -2.40158953184111
2.90979437462111 6.72164562740369
-1.34017029677842 8.5620276705185
3.72222047458708 6.57400171640841
5.50346165734667 3.79008764028907
-5.07665567182923 -5.62770221576141
1.64130107372734 5.55181406116821
4.68784021660412 4.34683875485024
-1.65812414798578 -5.04378983051663
-6.1253604478288 -8.62770944007877
1.4780438775634 9.44053922419612
3.03316963542313 4.75645398663505
-2.18426333127952 -3.29367626866065
8.29303129180792 2.612221263199
-7.25577693165837 -5.31059128952775
5.3760536389268 3.35156969273818
6.2890826489007 4.32340956735492
-3.56299575559697 -13.3942603499341
3.60933682216774 3.72016026530786
-4.32787514403924 -5.45874298192631
4.73114542808841 2.49742358732642
-1.8722692506812 -1.67621110533791
6.337390772856 3.04914567517671
-1.61215488586284 -4.20543407114755
4.3530513581558 3.67326636220184
-3.86966690580221 -9.92810345415844
5.50757499745738 4.79239432234442
-3.04235403799573 -6.85912048595977
7.08839097111548 2.17603864819714
-5.33066010916696 -5.12357527802804
0.926903473536187 6.31240814290257
1.73118829797362 7.36874564147724
-1.17522785725289 7.13460128609632
-1.40172582845747 -3.32845101050001
-3.98293715597985 -8.14784218056087
-0.862409542048271 -3.88683967438095
-0.52623196376196 -3.14177122047905
-0.225987638587541 -2.74572480562489
-4.60474685672195 -8.54556624039973
3.27531488823124 6.22555895761535
-0.180785643724643 8.86803423308707
3.70416633118073 0.746127800801661
1.97570606061508 4.87915315867711
-5.28442728434664 -7.5671372246694
-1.75006171108496 8.49921564524165
-3.18172421523545 -8.11044144573516
-2.04589793645594 -7.79802175651134
0.444515091126841 9.22735489451017
3.61082859171902 5.70783364259662
1.65435002401192 5.05981627227195
4.29504293375851 7.31985241198323
-3.92426739296432 -5.10114298887765
7.90075164055085 2.6855419552736
-0.821229314233297 -4.21898551849298
3.65219280119309 5.62541149410213
-2.44087382145816 -4.71031102920734
-2.69707755425991 -4.58023929298143
2.10193359176067 7.30309080698693
4.957623602598 5.53306664051535
1.35030647352231 7.26397943232073
2.85328328891124 6.34944540338292
-4.67889928051703 -6.81505969040857
2.81929363255321 5.70319553270303
-1.84978845105972 -5.648461600064
-3.07405569233826 -1.96623723751411
-4.84041535884893 -6.39437224015
6.6121556757942 3.02769378283472
-3.06789088849266 -5.9585585447917
-2.50746721729776 -4.74219197145956
-2.74700428860375 -6.88908383034263
2.26142352284225 4.18660430732888
0.131351154140266 6.76881211327215
-2.5431460969694 -6.65209231094322
-0.0922876357152771 -5.26974127556259
-2.37147286289085 -1.53309742145538
8.30752873909411 4.42069526226463
4.47736994658075 4.12135840338531
-2.92911082958331 -1.43782365138141
-0.837674772051936 5.51243758183971
-3.68361006511352 -2.18146688058787
-2.0991041771996 -3.50056363663823
3.65021614089183 2.41017875837233
-3.8380473163795 -0.28099354449775
1.68441701527078 4.35227847332356
-0.93307262338642 -3.99306144142027
5.37194378679342 4.63833058963165
3.20849879202253 5.40661849941426
5.29737396600464 7.514676383697
-0.605255758596769 5.21557379698277
-1.50582927866077 0.27530159824072
-3.00470757488554 -3.9962498509316
-3.62406816167773 -7.20840851534351
-5.20223120557695 -2.45393495263586
3.93200661436186 7.735376383783
1.22139305744199 2.81072598954788
5.41040154463373 6.13967752970812
-3.95418729681081 -4.25291603539287
1.40305353272436 6.93771148569549
-3.03570928431485 -5.90842773494455
0.111581734346278 7.79300479303663
1.58445753272595 7.04104724990729
-2.80739274042018 -6.01605183077644
7.28774547007983 4.83921022510577
-3.39500561249009 1.78851566860209
3.75338428472985 3.20350269459939
6.69850188328221 4.60995643544672
7.08293190433864 5.35548493512977
3.69634521441587 6.91789679574172
-0.823270401193906 -11.5276524145201
-2.33286476635692 -8.42353344283917
-2.88676259382255 -4.41023351531683
-1.69014546669792 7.52811774027341
2.01855669710247 6.0213510865278
-1.434675407459 -5.43220004270452
-1.8735934368518 -1.23568837700251
0.557670093868079 -3.46581023186655
2.20014270678913 5.18176917714077
-3.36332746544935 -5.38036884292954
-3.38714640104521 -5.90058269294871
-4.76465431470245 -4.62273464307461
-2.58885920676311 0.90723372064571
2.66972309388492 6.58274963168421
4.92838264499159 4.5991524560239
4.2734046498267 4.75509820267384
-3.13047696499806 -7.18387750985599
-3.65808022285188 -3.93076759151594
12.6728113649246 -0.0531186332415592
-3.49635176232539 -3.100222450337
-5.24057529426857 -9.36277093573204
6.17432069819116 2.32930330276549
-1.47495052390789 6.65335954937476
-4.86317742563949 -5.12885782136129
4.03849474636395 4.79519212070301
6.67828513326892 2.86481894014231
2.9151388593398 7.10468915503935
-3.55009437064899 -5.39109166228722
-3.57790912427615 -2.38874097361573
4.62805669051173 6.44042370164606
3.75081788921712 5.3824993969812
-3.68990549749257 -6.00628549899348
4.31699556615069 1.90136056892865
3.56342209292609 4.67779970969583
-6.3865656013636 -9.14382347062658
-1.30244994222174 7.43560039466684
3.75672807710411 5.8351514626566
4.32993227045108 3.84062114153617
4.10950448131375 4.794083115934
0.734055416198705 8.1940007572953
6.9680673201792 2.41048987133387
-6.56418584127959 -7.7592872034341
0.548808751052452 5.35375537504219
7.28219875206056 2.75136898592619
-2.41253525073654 -2.34327041421949
-4.61319758701632 -7.39063447129961
-3.15558370694617 -4.63952936661991
5.85067373160024 4.86933503475193
5.80555418229397 3.44879387852731
0.730866096833764 5.82076045797725
-1.73220624155361 -5.93097732984796
1.2707618272553 4.92925390633997
3.2161949558574 3.89158024189984
2.26009101643383 5.48869276156281
5.01182934528611 6.21621214777742
1.7710050152584 4.01384421627575
8.62775854758719 3.7521797970895
-3.96238565710395 -6.43583355026384
-5.0254655386651 -6.50956375940953
-3.58518983483966 1.00538981785605
7.47975402481957 0.984436644572686
6.44349555712288 1.90326358336745
2.28902727956663 5.9112866856177
-5.87413519540801 -2.7322244137167
-4.72382417128555 -5.21037196857422
2.71876101929333 8.02733065152082
-4.25731323065676 -3.69033392371506
4.37415904214003 4.51782258119592
7.82774462330033 0.862184795175214
2.64780996936302 8.59434452038814
2.63785343284026 3.36252193036592
-2.14749058695123 -1.59349506556597
-1.02756809532583 -2.47597404371911
-1.81089145226696 -3.83117922837808
-4.59084478166368 -7.43527466564267
-3.41093510124355 -4.06992939632445
3.05988998729656 4.78268034993558
-7.0126823879132 -2.67180615580267
3.07746800230624 4.40349824265268
1.68459144098802 5.98063137347503
0.765687186811258 7.38610275654719
-2.55617002738773 -5.01981417117723
-1.94352562134849 -4.98114860220994
5.68070289670558 5.1562764446516
4.80035488783331 4.19728303559901
3.95856764810765 4.20776971527202
4.79068356675837 3.5010780452651
-2.76119483806682 -4.94714754286783
2.95383648122806 3.64031157628979
6.67982332695497 3.65295209332826
-4.90568291442779 -5.95188857525595
3.25456791477992 2.34305551603849
4.64371888274908 3.55601608897683
6.14733991505687 5.07904755958783
2.71225172167373 4.39591575068805
-0.731036521196794 -6.77700479444401
-4.03604398250847 -2.68627157296706
-3.22469610826374 -4.58035688315851
4.7588220739537 3.57879051645872
-3.62618276511433 -4.56958281060629
1.35034979873666 6.47683956800239
5.80028238896797 3.88096571173508
5.75508528228301 3.17020515755923
-3.84768005110526 -4.4593177229165
-3.3076165459601 -4.57366529497919
-1.1456804712304 5.71303867192705
5.47146968818056 3.84440962974058
1.13289244298707 3.15100798566076
0.520373281498623 -5.19608987736225
-4.19265758581451 -6.07018614650901
-3.98718477748085 -9.25833492219559
-4.49485270790689 -6.104611376755
2.3657259844083 4.36439308617206
3.46893417798486 5.3440417996349
-0.0781907042460195 7.24992058495794
-1.64580665980545 6.37609676849341
-2.16499534934593 -3.40449896900458
-4.12694226750939 -6.88564072785934
2.33388594752284 2.60618899134295
-4.20023115304848 -4.0226113461108
1.5020279281452 4.15771403422046
3.62398807470689 6.34903596189748
0.594899996467172 7.33199996140934
-3.16159596893906 -5.50216163270665
-1.36266966400131 -5.07050776590966
-3.5727424108852 -7.96989454320466
2.92503544874507 4.8524871847808
-2.0852811158003 0.719535693465903
1.22285878443015 3.18524554234729
1.32209234075097 6.043364055413
-6.61858720651133 -7.40924173727694
5.33454969676552 3.33465518677642
3.97401165887846 6.09830445872147
4.15665207307516 5.42481287235704
-1.74690444266599 -7.09929746059695
1.13513081672618 6.14330798516181
-0.792500125388966 -5.04521645684781
-3.50324112076115 -2.86852235385786
-3.90620767780042 -0.189142927495415
1.93622952509824 6.54443396794902
-3.78947791755388 7.80461139533992
5.39713551439655 6.38997014109002
6.84238760474424 3.92684347195396
-0.649903588866874 8.18652214000871
3.59165431226083 5.21989980636744
-3.78935975607132 -0.913768822279811
5.804431451992 4.68307536530193
0.651621079003125 6.05559437760584
2.92906196640987 2.36038225856298
-6.85299712306204 -8.16382939912853
1.72029604104382 4.93246498878266
-2.81821298750223 -5.6751268953906
-2.77643447724424 -1.90493559106432
-0.0732068856841948 8.53876133030274
-4.21764405294584 -1.76072507576271
4.69944559557623 5.8941003565672
-3.00142279350126 -4.19458505217713
4.1795156773383 4.24818846728161
1.04651146802779 5.88543135578
7.39755559521801 3.66282953089752
-3.06283755715701 -4.55333056796805
8.0974065365264 1.9688706904127
0.699727516224398 -0.477563904235805
3.80209925330222 3.86278631241909
2.25128642395558 5.89640197802755
5.12567435438371 4.49187990647076
-0.994466364057828 -2.48915845061852
-3.82836030042985 -6.37090240166438
-2.58055339472315 -3.85121698579532
-3.74543456191635 -4.87538553586335
2.60684807495084 4.29644261347595
-4.94368622365766 -5.37359962257824
-2.83503432312554 -6.46941256453286
-1.66411565893043 -6.51961229884834
4.44451495960741 3.86613228122139
3.28501101573297 4.65998599973231
5.47679116390471 2.48991191017571
-3.27718736480028 -11.1876740366181
-2.66444305223253 -2.1009653171783
-4.75727785633875 -3.72080824644689
0.0961554900117179 5.87525714130249
3.10720715236322 4.26849640587057
-2.60734600305659 -9.66330209659331
2.80845453423802 5.13244966651484
3.073825418269 7.22247125911096
0.923579975742616 -2.17896885331595
-3.06303852726635 -5.54889602451324
0.286395946228255 8.7804335287522
6.19436183219292 5.95431589238063
0.723498665658628 2.42142615461313
-0.91044979638682 -3.59429406560112
0.914600265927822 6.84755036435507
-4.89184183268559 -4.40466824893334
-2.80635951360978 -6.47891025651801
3.25850832922356 6.74569040331888
0.845533326562695 -1.4682373035
-5.19851643202986 -8.90355149260831
4.88080590977179 3.29738603206202
1.64803574354209 6.25039400409633
-1.399010606174 -3.0559105931972
3.27215708966872 7.1235937382944
-5.3523509609417 -7.57164307598645
-4.64182911722444 -3.58037535960908
-2.77727392819793 -8.65239499588808
-1.34334635146556 -6.95066974469613
5.84204554651839 4.14556451261871
-1.43361996685668 -7.03315667719614
-3.58085628943194 -6.85768935463799
-5.96383676759238 -7.01731299650773
-1.3895239722363 6.56516325396767
-0.115420451770414 -5.68880788781536
0.983997835928146 4.51265115193662
0.163816394992615 7.45997944927642
-0.834031143536067 8.18203928515169
-5.66893056172234 -4.51567082473252
5.44154909181899 0.913447365961217
-0.337757376756278 -8.02410064209698
-2.18722451189441 -6.86261434768056
2.31031921181756 6.56826744420767
0.797287162863542 7.97514134223662
4.1245977870107 7.77157389771265
-4.15292676027899 -6.87615824417584
5.74394647261091 5.38831968767613
-0.249823876257179 7.06421806246846
-4.9341085188217 -3.09888297038218
-3.1642179912811 -9.00107195712744
-1.90140943809699 6.7999271290552
-3.09384954595423 -8.57232028352244
3.31661590317789 6.48629083088069
-3.19710575478381 9.5661624391566
3.69568998047767 4.60865883177899
-2.26111109281339 -1.80896804871651
-4.05837103128337 -3.26877741006633
2.22481925461611 5.88625096092597
5.32021248148974 2.9420553081879
3.214732591732 7.28456862139948
-3.94728522742012 -7.60929865512895
-1.72937439117214 -6.67111741290476
1.92067741822628 8.8413643874619
3.08147199960175 4.80057948350777
3.64136247344953 5.33244133566147
1.46149981894939 4.97074177669618
4.59232794295127 5.92440708239975
3.9526383171317 5.38165261947536
1.46908280482024 6.80089016304108
-4.56395347369287 -6.30677462955729
4.30063080951362 2.75034597856356
-3.53150903548057 -5.79960810529466
5.73333684359138 3.38332461415625
-0.192234766191326 -4.91474668267974
-3.1388174733477 -9.9534522396193
0.518780633101032 9.20086121698149
-4.07294524718818 -4.61476908248465
-2.82981445099105 0.267222136099197
-4.97237300433701 -5.26139904816852
-3.05672598972909 -4.68786882148299
-4.04967707893428 -5.5577750636689
0.866236483632566 5.98451215226978
-2.63151960542279 -5.80586334062318
0.894464623476544 7.35558010681974
6.33834071887396 3.31617248193375
-3.76477576945304 -7.21209320191163
6.50431668241275 4.11499893923805
-3.99452881285012 -4.29154456458541
4.23100938253886 4.86915418930921
-5.57688163229744 -6.03444470661213
2.79919918694455 2.23586372338002
5.79958220573147 3.63290054191597
7.43052703578374 5.568285525076
-1.80546654404233 -3.40158756450337
-3.61166231843423 -5.01468773624276
-2.18683780906813 -3.49676765550689
-2.91159428866132 -4.83354085861182
0.811221856120948 8.10753473316929
-5.33290585202176 -4.62951218613111
-3.94701039943888 -5.40571553797349
4.81308073764017 3.22369020551486
3.71732212918803 2.05322116764937
7.40310700657194 5.92919427002906
0.813325790149569 5.29044359756754
4.53606075495617 5.08842814701521
-3.15100352993047 -6.26566221594902
2.56901575316752 4.67741769430238
0.372365397297584 7.08409068891491
5.14656911908743 3.83875692500324
3.92227901452442 3.68100989322909
-5.721397419935 -6.59091010967819
3.07269297542981 5.00582616885878
6.37101053453208 5.04802385394902
-1.87032550391427 -3.55147394738259
-5.50879703714639 -1.31631821285797
3.3224177024841 5.37731398884909
-2.52412671570931 -8.99869693810274
-1.91878812288799 -9.13500645234469
5.03665324570007 4.2557198043234
5.15035512265926 2.22006794915283
4.96400513910127 4.30682091278486
1.71878814821595 4.55453423925674
3.32775418547064 4.07726466940228
-4.11132858643859 -2.9577200697083
-2.79218263171421 -3.52335545389116
-6.47573638866264 -7.10670876875099
9.1813268713698 1.5503244679401
1.69319095888402 6.49724542583134
2.40070357481077 6.46857891698959
1.38416355324114 6.87040153207879
-3.98903770637097 0.170804492615757
-2.11483762700417 -4.29313481631264
-5.1852769830764 -4.88994852937181
5.2447951331983 2.92708123999872
-0.620799425759519 6.57012743096678
6.74359367841409 2.83844811812529
3.85949898007151 5.87372594859628
-2.44234189229626 -3.06958810071266
-3.86215033745289 -3.68782415477855
2.12618835045688 2.38261192419267
-2.86530687204774 -7.31015217910423
-4.80027435939687 -3.93200551603949
2.20844730647669 6.43774792108734
-0.559864781588542 -2.05477876309379
-1.77375300129332 -8.35892524674267
-4.59290811053973 -3.93026335270751
-2.56611659715501 -3.45712609952845
5.92420849886271 4.6073733867687
-4.33778259654179 -6.99841290916782
6.48086911410523 6.92861130288201
4.70580307349977 6.08935921914874
1.93732445538839 4.31629625172723
7.18843279072308 4.64874992789245
7.21508106470567 4.96362988770632
-0.17031078409397 5.75929770541556
2.81035702026476 5.57034639479507
-2.46037130039862 -8.65349198070106
-3.71261963255388 -0.435915776857652
-3.92551768601668 -1.34853076301992
-4.48011290260445 -8.18866926740531
3.49615001773356 1.34515877577702
0.823169276497395 5.60755711404188
-4.13439395088334 -2.94977991099586
5.55071259155531 5.73722221251911
-2.90613266480901 -3.94480809139901
-0.814798396099643 -8.0882610764557
4.01515774429205 4.80446848750368
5.03309277845801 5.16029685851656
4.75343494232598 3.9471162295695
-2.56459501608715 -3.01208788415462
-3.10197894704089 -5.80228094743199
3.99769382645958 3.6662148377106
4.22120816374277 3.73654891087065
-0.098066988016221 3.79291533259256
-2.44007846996728 -6.37089269785987
-1.43522292217965 -6.52948343734134
-4.74901781833453 -5.39910850879364
4.73358681032891 6.53293273627687
2.35954294163572 4.72413577940844
-3.59900232233566 -6.69026574559879
-3.18907067618527 -3.11449961910694
-4.28202459576086 -5.30111629344755
-1.64787288357505 -5.01654189039066
5.4493195828355 3.9667987464921
2.3377048762389 5.47734870813921
2.13276023885788 4.24739003320277
-4.11675399951889 -7.72188400076898
-3.66701423251055 -4.83614428207989
-2.27301481087569 -9.46078275423937
0.129522054538308 6.38654204887566
-3.2866516628667 -4.4680671339927
7.05054883301764 1.94281217629405
7.26933981002502 3.27126953714601
-6.21837827428808 -4.09294511094081
6.06102371405741 5.36383475726303
1.68776456622422 3.65689013075817
2.04594942910635 4.65495224665565
-1.96259204590576 -7.41974692953859
1.0253405113343 6.23276992474174
0.905873928867948 6.56612993203037
5.96736226762965 3.62055795719208
-0.266716958562238 5.60481070829889
-3.38065266965388 0.268905055708468
2.80905628717358 5.71246083081361
3.49552161614961 5.4781558062964
8.56790344482009 3.79484846255288
2.7161998412774 7.23253152691913
-1.81736718225118 -2.02036485126123
5.09400573587561 4.71652798435984
2.14479683645358 5.34103413768365
3.87992466156519 5.31271336935529
1.63010241820835 6.6543991128913
1.31107196800206 4.3144471157946
-3.43939525113285 -6.84411476562543
-4.29417409457928 -4.93658091038784
5.66710550011473 4.94092245254911
4.74749322214866 4.3569086618623
-2.01079709848783 -6.29850150895894
-4.33231628069485 -4.59993798053499
-4.39271739406107 -5.85595711290306
-2.53192811690689 -7.72419856068329
-2.77805128200383 -13.0518922943141
-2.64272116655417 -2.60118886707696
1.86486887301125 5.59985457890573
3.18201217827424 6.30938551302612
6.04038016126562 3.42557245377287
1.84303489762458 3.25221996093599
-2.91621346396519 -1.84359409734289
4.98994204144987 4.7149601970915
-3.13040601728358 -2.21808794422435
-3.76211140973597 -3.89003288233328
4.969381740912 6.27541718967094
2.9202625280296 4.77756832719956
5.22133351260885 9.41737414828902
-4.79416105083578 -5.62573024941284
-1.8657043970772 -5.20583557053415
-0.560418726233004 4.48022390152867
-1.69735849933601 -10.147275233719
2.99488088132229 7.07716716796186
0.976440693118521 6.69564787501105
-4.48651982554455 -6.16227087331125
-6.02922181060362 -11.5895857846724
3.1789258171912 4.60937711273957
-2.63423388190135 -3.25224858774345
6.18872732723417 3.09640457178238
1.15845302231558 8.44441328761833
-2.61333157345693 -6.15609848919041
0.509079860336152 5.32863676980146
3.61999033852901 6.50476254422277
4.09263259030368 5.90215286749134
-5.45603562360865 -2.98598859829483
-4.69533200674373 -1.75023453028722
-4.32806644016489 -9.86137825244688
-0.195909247932335 6.66339591209975
-5.29213127570599 -6.29020768288585
2.3870909537938 5.72511572613611
-2.31090187101645 -7.29436704576541
5.55384178346577 2.71916642615764
3.7838440176686 6.2222382835567
-2.55318047186904 -5.41093011412584
-1.19886020715294 6.32467762856893
-4.20805987136615 -7.91313426230923
-0.936586620845997 -6.60876812907328
-4.49352620220871 -6.08178357354304
-2.91249371646813 0.790925852481084
0.487761089378788 6.08518802338324
1.66165949455502 3.53437377154918
4.42261753170607 4.6228920699441
-1.44736063064559 0.608521633169327
5.72261459814794 3.32456086644057
2.90578309373299 3.66031121393534
-1.59492752819348 -6.58071096354575
-3.48593106661734 -6.98833741361277
5.97670409664715 2.78691284477597
-1.19904239549792 -2.46997800574313
-2.81413779655602 -6.14054882864615
-2.55060153050048 -7.50962186129878
3.10361097189118 6.39499681259948
6.77990442520125 3.42173503374236
-3.95865928268318 -6.21863925478634
1.91599170750939 5.36544957607223
0.863276782504579 5.09746251750348
1.86935755090546 7.24350218675252
-3.85250474310041 -3.39765157992156
-3.05545798714706 -3.92821280480142
0.918633905350239 6.5841475653813
1.62120683249779 6.10276171323573
-3.35736253103298 -5.84321418209303
2.47677177129511 5.37123512785105
4.05756505672375 3.75413903171513
3.46492470662973 5.39115013044555
5.39349246815741 3.5263661188806
0.73907379144844 4.09031799152262
-1.80514566933157 8.61749885059414
-1.69957501945482 -4.89687597102458
6.14960565471901 4.96862422024482
-2.99915560234829 -7.8652857730214
-7.39129131806139 -7.06348570061059
1.5414143980889 7.54032512827409
-2.81681599022107 -5.19748615953918
-4.58862610209734 -2.60770887727326
2.5952283242005 4.41788080023145
-2.33988261060354 -5.65051116479096
-3.956295732236 -7.91140038047527
-3.46174132991265 -2.6312352606896
-3.44492238115337 -1.95123502693463
-1.84061465116109 -5.43788579898457
-1.3425588200072 -1.92851807080435
2.53832961265785 6.82833250629252
2.85260012180821 3.48993815472998
-2.83453509426178 1.5505528563666
6.67003878457105 1.77971613069168
-4.91878106226435 -8.85656083928924
-1.64048634406941 -6.11561685967072
-0.8062452582121 8.34454371858825
-4.06931645584028 -7.59525037277554
2.68689209927841 7.95672859476239
-2.38903917135459 -5.89645132971084
-1.44005432016867 -5.15740807185337
8.94066171315366 2.57505596138179
-1.99899805608892 -3.98969516035267
-3.20123779009831 -5.5232458553849
2.24053667264324 5.45776455463259
-5.36941916352787 -8.54111516222461
-4.41029838160165 -8.53995944327443
2.74452810773384 9.56184849213031
3.31739153449023 3.65161440852798
5.54912853821094 2.75924173133939
-5.03051417429855 -6.62632501623036
5.93395029214255 3.32516530088751
-2.5508013574799 -3.69962846905422
-4.75666471047282 -8.33727125732637
-3.61734569078782 -2.15254556209262
-6.48731217525582 -3.4354382006757
5.80850323540637 2.94159009462929
6.8322908570077 2.54775794955018
-2.20571825960922 -6.19127949405949
4.77022518922088 2.40425156444094
-4.92268000218537 -4.05291825561549
4.95782122487068 2.34758551029465
-1.4802536849164 -3.19876158603762
-5.29352906737081 1.35198597048826
-2.78114001667155 -6.24329017654093
4.5376297141248 3.93688144496825
5.65530005256517 2.52412644836363
2.60121417540225 6.49420558993783
-1.20689247938658 6.54831026370909
-4.47343527146627 -5.29568292959869
5.39346600103767 0.923990286684945
1.30019217667934 6.31015668759103
-3.25072801767255 -6.04484167987876
-3.02513847485178 -4.21049286597475
-4.33190473873949 -8.37615367714059
3.87992464963883 5.11785725236581
-5.48014104738834 -6.97466665003425
2.12793639803133 3.96944732780044
-3.2190932676771 -10.3134445078336
-6.55498946592289 -9.4025344253828
-1.70439478382482 -6.62887458040524
-3.92089480539428 -7.95510779875429
-3.56824373768008 -9.26695499526805
0.608501624277986 5.84612365206632
3.89425083401525 4.79517795894903
-3.60472653366462 -4.81593139376046
-1.86994208612759 -6.04742309768208
3.68991846112637 6.29143189533806
-3.91388632099922 -4.54953858923464
-0.455729810931234 -6.80763514804555
-3.18484729401069 -4.0484756396047
-4.79955222778966 -2.94435002977162
1.67478892984627 6.25041767413641
2.20673793190525 4.84579680201487
-4.28077194481213 -4.17095022342064
-4.28527392063817 -4.39152750371033
3.70886136179839 4.07291153030911
-2.12031683769147 -7.00430747227775
-2.16151466897519 -7.21021341416822
2.49592195627072 4.17398217326632
3.54791695405416 3.73399128385706
-3.24949158627482 -7.09120637032796
4.82101757889841 5.82758789198622
-4.43186736998354 -5.7809792434719
-2.00417675161893 -2.764300603332
2.81926601490243 4.86183301312879
-1.76043411359546 -4.83150961008567
2.02902768201465 5.44785962429598
5.19267202331614 6.02277935952015
-6.80558619078117 -3.37649935464035
3.8319770717489 6.51578644679221
1.1568177757965 8.28784192665693
-1.49303069197432 -2.81966286674971
-5.57150572130886 -2.65471871743698
-3.33657270159447 -4.90546830227822
4.02711251514142 7.62154006458694
3.81641332738205 4.16996965342331
-1.5251601965448 -7.89520450689957
0.997186476859451 -4.69020855888516
-3.64268534804343 -7.63924823162458
-3.81282852934335 -4.46957320267819
-0.83046227368075 -3.5755010819993
-1.91894127932944 -2.51577472411852
-2.22961694927966 -4.8188974494145
-4.81151186714696 -6.71879743932595
1.98370407175746 7.80613826618319
-2.08375249181165 -5.03905739337052
-3.08242452342374 -5.03957073783227
5.28306108722905 2.64485531350041
10.1063678720081 1.64250928586954
-5.23460973222207 -3.07437061147271
0.960986916074501 7.25012325270827
-5.4895770851694 0.273445174072839
-2.10874380463591 -3.269414904399
-2.76378694494115 6.85261122054895
-3.51708146068643 -2.24821151995643
-2.41863381881224 -6.75775479301692
1.62683495037337 5.80883753536271
-2.92908976225109 -5.2774119840556
-2.76270697892333 -9.2245819368197
3.84511298814936 5.84459213573724
-2.91067650586888 -12.475801804905
-4.72812712674086 -7.16428033283308
1.8491372433693 6.34954234545488
-7.2901553196913 -6.86405382757319
0.0123567207139557 -1.56213144437962
-4.94959489988367 -13.6562761792828
2.74107412066356 4.69542026198766
-1.73755306356495 -2.35596400341409
-7.00984083165351 -2.53038414991692
2.81020716407352 4.83726589016927
2.73441531833426 4.80929326966647
-1.91829798272079 -3.2205301978396
-4.02487881745655 -3.51568815821614
-2.33349383507792 -2.33787366032526
-1.99168578434612 -3.19965858609977
-4.19513051519336 -6.72996480051538
-3.74882833397709 -1.33741652552241
3.15026537314775 4.52244973716152
0.653611467703119 7.4969211725057
5.13259383313452 5.26856419521219
-3.94800935986493 -6.47051331247021
-2.82939671440222 -6.80634033618968
3.48641561399902 4.53304595841204
-4.87060079201273 -5.56926030992228
-3.56436781461931 -6.75655235248484
3.88759988128403 4.33844515816732
5.66593888189666 1.31733728887284
-1.84809598624265 -5.95272419796208
-4.31508197556865 -6.40990782456882
-0.18559949430324 7.98043600825599
-0.103462555583953 -4.32464927445713
1.91675209523589 7.6653231240006
-1.35106567589846 -4.31732185075252
-1.65176188329466 -3.30455495205804
7.07152201196497 4.99863271721513
3.69333673083445 3.13613599305351
0.512704032695769 6.01923048964979
-0.435774511937571 -5.0188276432547
-4.95903357397402 -6.57319155139617
6.14855809759879 2.79407922091662
5.05436602569045 2.3619103457576
2.91303825070836 4.46506015964005
-4.88071004699548 -6.4833627219148
-1.78360617994855 -5.24489254847269
-3.81954819260634 -7.00853113240264
-2.68702992449581 -1.99436398762159
4.57607217832282 4.9771377872694
-2.98846333788263 -4.85507166575219
-1.442847043949 8.5115223617776
-4.47917725024743 -7.91235254826714
2.38904854466678 8.39556945497442
-0.362390756774331 6.53291973939735
3.5298834747098 6.97463930303894
-4.19309090906085 -3.06422949085639
3.48771615998208 5.43331096194466
-5.1843216774085 -5.01862795102919
6.73977290993756 1.72444696005991
-2.32590021991441 -0.186242202917826
1.82554244047256 5.99735244409601
-2.21443625409982 6.6304000897414
-1.76891764094541 5.97473343039583
2.81921685164297 4.35642289670428
4.76644672956853 4.01466221747592
4.27217662544307 5.37151328288888
3.60157927070228 5.7618651659622
4.92118654586447 4.4856460070976
-1.72549267568823 6.23168731265134
2.27304151964878 5.07796604981422
-1.78733414242127 -3.47779529332888
-2.61884226501564 -7.40353039561297
-3.06203235878039 -5.23422458288472
-3.94153204289066 -5.723981355814
2.13236956123341 5.35949419183771
-4.52624956476901 -6.2022007230457
5.01170511315471 2.59449614971055
-3.96394330517589 -7.99986213600159
5.6119225277776 5.59972013215628
3.05636283184791 5.58077314815777
-4.53027938319042 -5.4594460933396
3.42915300097824 5.91212018412039
-1.15332796511461 -3.53073406656209
2.55725579241222 5.85694043495072
5.72370332863675 3.16869105591527
6.80314163561083 3.10090064183139
-0.113778119382701 7.4846666897684
-3.99727665541428 -7.53148067015705
1.60092457093196 2.85898376926817
-2.64854932931388 -2.51879346252648
-1.87549664163468 -5.8236201719301
3.43949554755152 6.4397685822155
5.19494589585494 2.50952100687888
2.0363421569595 8.24697010629626
-2.47603015873437 -2.60629687523113
1.90377971891801 5.19265514689059
4.54002450168068 4.27497708494856
0.97838323192581 7.35004599113594
3.74470277553804 5.07194502111977
2.36619136954325 6.23230372417512
-2.26886420607881 -13.1239870684012
-4.10478372393783 -8.07816432163853
-4.8537402267438 -0.920663708039619
-4.41203530338424 -5.40091788265862
1.24098864051075 5.49195924410298
-2.25184586953491 -3.23187159293068
1.87435679202237 4.14676251569172
-3.81068501213564 -6.53061504171243
6.4456085363479 3.34470932426799
-3.48968302755667 -8.983262708156
1.58110527606988 5.15111488957769
-3.09638436675727 -8.60809306795777
-3.50070797977482 -4.55718950707607
-4.36004244646945 -4.43520866390632
3.47957845978549 3.42518454601977
3.71140574004268 4.35878049070189
2.21644428163423 8.29189884355913
3.18179654294014 5.99999027931087
2.37324824093326 6.69955716655554
-2.86011502749105 -5.71486416186144
-3.56984573476303 -10.6420334349359
1.90684260733778 3.62001070656477
-5.83234768080043 -7.76910254033928
-3.89511707008686 -4.02618432313947
-4.80195547412435 -3.04601387864348
-3.37528696558183 -2.8269775181424
-4.82488788278629 -4.38656272163277
3.77934076485905 5.49608624612103
2.09407277617659 5.62031327783134
-2.45833858091912 -5.59250429472567
-4.51605592196587 -4.39118245081966
-1.52869330324927 -0.290850699353237
-5.61928927387921 -6.99616979307621
0.22326211048945 7.94596509825119
2.59620669252728 5.51555660306016
-2.73788914923442 -5.61488588915809
4.29053989202848 5.78790895062668
1.59062467278525 6.50446801031536
-1.64411470433003 8.20792617914381
0.865511121592661 5.16333039204925
5.06413448668104 3.61966560064635
0.940842833378827 6.20053741605256
1.42384330830829 5.68616635959241
2.51128329432386 5.59885862852747
6.96939107514745 3.3422130060041
-3.30002104131956 -6.69064954331006
6.1664417056554 6.61601138955535
3.7221211488857 7.0936722921244
3.5606727197089 2.6254258649389
6.58534126912001 2.30944818560164
2.21825925073092 3.7797232746027
-2.11412413197582 -8.71302779530431
-2.56673489736627 -4.72158144035026
4.23810859492406 2.1569309897486
2.62335777904984 1.62719452752454
-5.54012384151966 -9.07986512468197
7.67405434913253 0.541583782168451
10.3008842150809 1.73245359437408
-2.78024230222665 -5.07663955998647
-5.22849912111919 -4.9617107470784
3.59189929179536 5.95612702148677
-1.16035087528614 -7.02359394697322
-2.71352940740076 -6.30283142317235
3.33532949535171 4.61249952595975
-3.03336682825301 -8.19956766903438
2.49500880860641 5.81237338290628
5.92351039000397 3.74675693371622
-5.1947087595138 -4.1724166498413
-3.0650149923834 -7.94443786860953
-5.8120020025485 1.02729921425234
-0.563429083142672 -3.14192534157013
1.82793244280515 4.1108664365275
1.06437669891555 6.66970846468952
5.61986860899044 2.09382908186064
1.97956433878784 2.33195902270806
-4.72305607990777 -9.41116238776184
3.11149739488426 3.99234897704221
-2.64673831440709 0.023209987582268
-5.36262944394173 -4.61018593311528
-4.97710294260243 -4.69644085449588
0.789146869086682 6.70037198198024
1.646318687962 -3.96555909425748
2.17335050115464 5.86223223498897
-0.478682215856744 0.25709133262411
-5.48590810836758 -8.08838779880294
-3.62736637542023 -6.62824986410327
-4.46511892707655 -6.90574452710793
-3.61560814762956 -3.02888310012959
-4.28670681639314 -3.54420952945338
-0.111231932318013 5.75852949428364
1.4546023285923 7.13021814862889
2.53984513375529 6.17899685540178
-2.82079260035416 -2.59549548853711
2.00472949514863 7.09765740147049
2.08276503028034 9.46912777533655
3.32938193034553 5.48159982520071
-5.4673716428792 -4.54443544405761
4.90928244926422 0.677249757636307
-2.23522987188433 -2.82593854624743
2.25557840193401 7.0700158145506
7.5237395170608 1.38848794906055
2.34649836702065 5.04970997040298
-2.03390613335324 -4.74586575894563
4.617222477431 4.65311666623167
-3.76247291039653 -7.02810185696204
4.22358082370375 3.77651434992717
-4.17598324756733 -2.74023469241432
-4.85345734060014 -5.65902247076646
-4.02853032186005 -2.30836008645255
-2.18347897664995 -1.97325052824508
3.41810398873181 3.77719531290645
-1.28592855608825 -1.61019855846368
-2.9211322001313 -6.16767988451269
-5.58654959102465 -6.94746479468528
-3.34241481237939 -0.925214394247245
-2.86802129526422 -3.50381867842922
-1.63044443973518 -3.82217713016707
-0.647872210911065 8.47552049516296
-2.90785924920471 -8.80663923144913
-3.61484831275363 -7.23139968665706
-3.46441705484162 -3.22999847171734
-3.1043405058551 -1.79179672652221
1.53833412753483 5.63863155063004
-1.65720674942575 -4.18684037166533
-1.96706885219781 -6.96413704854036
-3.00964655888359 -5.47854512254459
-3.28870187193612 -3.61804602124146
-2.7985752165501 -6.82844961655109
-1.9816450122835 -3.99349812881037
-3.60193080031084 -10.6829804923947
-4.73057178822592 -5.44491418589975
-5.48319202851608 -10.0358451834928
-3.11401994985796 -4.85134292235572
3.35317846244534 5.62495317346405
-3.86819934139971 -2.12308822812427
-0.114401088077645 7.07357726071986
-0.691678863733601 -6.30741576181968
4.94004425120697 5.73988682173634
2.08635279849053 5.59625889872192
-4.49216576246104 -5.16152435407442
0.44897256334071 -6.10074173812867
-1.10783254352109 -6.20039753970407
-4.50182223066556 -6.75115268013322
3.12703783850824 3.38985897105055
-2.46761967486598 -5.46447403437997
3.04322008865822 3.80696240776841
3.71182397211643 5.79315076936702
-7.52818581409533 -8.24479947424802
-4.51158436737589 -10.1510364338931
9.64379652150705 0.856411592267682
5.71333030749592 6.12027750235631
3.49936262690539 7.04408241656782
2.2820702327313 5.45792630851474
-5.00119428811404 -1.39868228242875
4.13746936915806 1.59097505378267
-2.75741200564681 -5.00771454460104
-3.84785412513104 -3.05842870757285
-3.386051680328 -1.7430191238123
0.570170321613228 -8.24942292277066
6.36266000067011 1.69132136925639
-4.6467656522302 -7.74340035017601
-1.90201561541041 -7.22078478343912
-5.17439888753679 -4.7482608859488
-5.44241204053634 -5.5295497756898
-3.20506520160616 -3.06471455343144
2.95068752020619 6.35112561814366
4.48483190909726 4.80326548572052
-1.41127366710235 -7.47316341081677
2.74929077043248 3.3242565413185
-1.25124376370353 8.3145572227958
4.07961441397141 2.14151501208516
-4.41602026425689 -6.34385813754741
-0.91954430791548 -5.33622525788338
-3.47998554259935 -5.35228602959367
-3.05382152410933 -8.76668948232506
-1.37350222142015 -0.850835460747364
-2.85805399973175 -3.22819861590948
-0.912524786315398 1.33636422138295
-2.57427824190477 8.82824905954536
0.112495475609352 -4.06045441286396
-4.23959158934447 -4.0309263703735
-2.62766322616208 -5.51416373066721
4.83328441277824 6.21301304949538
-0.185284815420498 6.93138493886677
-4.89875984776814 -8.13267265823319
-3.76305326085572 -8.4241770257527
-3.44117078823886 -2.18134614063989
1.1156222847496 5.16984986696627
2.28138077056043 7.44365851623625
-1.8650278862643 -0.874044605875367
-4.57272992011828 -3.69661417970367
3.58742081329932 8.45787483548112
6.32750506260828 3.23734362070286
6.20787446744852 5.31000399184244
-1.73718961137207 -8.37527253031759
7.0033105325313 3.21562517073795
-6.57251757037982 -6.04119188756814
-5.91537825295085 -10.7242500862004
4.57489144035082 5.66318376564464
-1.29138760590425 -6.07690533484378
2.04976282938651 4.59653777318116
5.71772153876215 4.3960836250847
-1.68012925771225 -2.45923378419812
2.33388576645432 5.07151137978322
-4.09481119233899 -3.33148789312829
7.11731523406837 4.42091104729407
-4.76323145691494 -5.27364828439197
3.00523869183889 4.65062168539211
2.69118138096865 4.45893217059944
-6.0170192186586 -2.09137838216671
-4.05797894484135 -5.47255513231806
4.20308456383466 3.5635594073125
-4.08808546937279 -6.79649057588431
0.0338885751259439 6.56635846534329
-3.05737008728976 0.940219616034986
3.90275760035195 2.54363325190144
2.58500698004237 5.47673402853554
-4.02890098927732 -9.24231868948876
-0.299959809086134 0.397720962171482
7.42103777939561 4.05430268914896
3.15239785933534 6.19339676720791
7.20989561940245 4.7188938636051
-3.36301225309999 -4.8326684999347
5.36347462349927 3.92005525432298
4.22962804500775 5.86097628363024
-6.00105439238646 -6.13136568738589
4.91677831731832 4.86686212551178
-2.39532916879657 -4.96119810736958
-3.86648067007503 -6.97546995775567
-1.87360180310309 -3.1944985003185
4.23239337835451 3.27777671441208
2.67179306488283 6.21975233021631
-4.11420372004925 -7.73780833472534
6.57066490668936 5.02645530330115
-1.64511857407282 -3.50227271086943
5.1081942198186 5.09924301202181
6.06182796571794 4.25886314247264
-5.02545178965155 -4.23554346860617
-4.93196281542163 -3.42465683714371
-6.28999774105985 -5.04487263536821
-4.53086995662904 -5.1332311486992
3.64585961815926 4.35561158328687
-4.16108052345095 -5.66955272495606
3.89924708694405 4.42275793893436
0.447014577062596 8.24439734328079
9.59800555283177 2.08973154065448
2.16801917047749 6.53859136564968
-2.46289620884148 -4.75070407675089
-3.41412237738582 -5.00269358496445
-2.66657704809955 -3.90659844514933
4.200900634666 6.61757138700093
-2.18691841623289 -7.47744634689328
3.6398090106862 6.82547509322137
1.12074155666097 5.10726852178279
-3.82545284556222 -1.91872362891596
4.41499593825093 3.30947045200228
2.92107961011028 4.39959311860988
-3.87435003441154 -7.39449608825807
5.3090563599601 5.31611807892706
5.06986815613415 6.5871513880435
6.77180685681982 0.551178934053883
2.40529891766575 5.4728071056323
1.19286370808487 5.30411773178186
5.64427460713387 5.58277236062858
-3.49390534020994 -8.39617874718923
2.60197141351839 6.96200302742741
-1.71863381742707 -5.2421287192269
-5.14530602779865 -3.78632717842118
-3.99601167425226 -4.13995282765701
1.55634328063808 4.47069984309505
-4.32914211886913 -6.6817377479022
-0.645339101125851 -9.83677422695231
1.88183834992658 6.30773775468188
0.897843847859991 7.79737434375329
3.62819073214201 4.60816538161251
2.11289995190323 5.13621775220984
1.89307146149784 6.46769851806819
0.961494459159716 6.03216357181861
-5.36255500183392 -6.59882421651231
-3.50975936935348 -11.2776659259249
1.99820105338331 7.98731063742927
5.38691917645071 4.62992726121526
2.23186050300894 8.74599223856183
1.40715191612774 7.73789616277988
-4.15239259773263 -4.26547077426707
4.25285533772117 6.16165289003414
3.81102505983385 3.31050574604597
-1.71371535739248 -2.12533432240654
-2.82127357854157 -4.00540509107394
5.22425678673766 4.60923162167978
4.40378848134764 4.4258132984934
1.29797399426635 6.12101936921529
4.9802286969244 3.61081617471041
-0.833595214426339 5.52547226962194
4.43970654516775 4.07000631356648
4.92883928769765 4.02595794910321
-5.55288976929358 -13.2394118026969
-0.635595266871384 -7.78482619730761
-4.02987633376115 -2.29005267777584
-2.87973532884875 -5.79026663000253
5.05448779935044 4.38875051190539
0.630131488644478 5.91281898089858
2.00200661520253 5.55738798115495
-3.7524642812105 -2.98077275487473
-0.0478970357971007 -2.87897824629551
6.37966991138416 0.151902817035543
-4.64995861547732 -7.43961134700078
1.59001752781298 4.6919111225519
3.0429315435974 1.71174684967031
12.3981650690229 -0.0529813359509976
3.4834168468121 4.99340099686011
4.7873490438611 2.7448302649941
5.07083678985675 2.89188685682375
-3.73760462331871 -7.83156862127024
4.39573853213665 4.46230105266432
2.40279833904408 6.37528380708308
0.148336141543394 5.12467813300288
4.33367530658048 2.7804762194675
-0.649149401943451 -9.93900270769654
1.49929054627681 5.11512532294093
-2.23113149694979 -2.61504250638925
-2.53656693841689 -6.67746407222258
6.05550747937902 4.25245654403389
-4.4550526100441 -7.00878539705216
3.31680811150618 6.41770966703959
-0.482086483187756 -2.04629084600945
2.26640235867759 7.65408980169879
-1.10780828287007 -3.50140534861825
6.41707948357451 2.36820234876387
3.52412727976108 4.53011776046803
4.16755760775953 1.90893379875332
1.91356955960572 8.81131694307469
-4.17307678409577 -9.04709481617699
-2.56835863657645 -5.98747282273672
3.63591478458437 2.75566486163387
-2.5638789784706 -5.3293565636034
-3.45471926250083 -6.38374792949319
6.54053971464536 3.13512029773788
-0.120975342300255 5.33057276091101
2.41994493157161 5.31391276460753
-4.33257078352967 -6.38217474569857
-2.71521484538207 -4.94868107295921
0.645797297790262 7.20060896533478
-4.5454357875808 -4.10172564471252
-3.83310779164665 -1.00514275121858
3.23993657153915 4.44189070901694
-1.23490611779484 -6.97048234288993
-3.23063355829586 -4.54728103210664
-4.19231638230954 -10.2424350654854
4.99507169525407 3.30280713972411
1.98298142122325 6.77992052822718
-1.89178414443425 -6.92692496899601
-2.82529213459947 -8.26787875323458
-3.81074784104345 -4.77736738558553
-1.00342523979105 -8.18678738507653
-3.55855750609895 -5.755678769639
1.95898185805298 5.01029015196433
-4.17561475835649 -3.35547402426598
4.1790524033637 2.55181564841781
7.91608309181322 5.35842753299533
-1.71015734073804 -1.43367660519668
-5.2799090846639 -5.10714129465347
0.543287046123925 4.95705005222892
1.21116564963864 4.35097809237134
6.16263665727915 4.75741009423432
-3.96307694625066 -3.77593283570781
5.95667033687835 5.46797980786422
-4.00233903292158 -8.29871641287079
-4.11438334204673 -0.362339108869993
-3.51604100049171 -7.17598724916581
-4.03216227636634 -8.52754175899851
1.42842338676838 5.73814268345081
-2.0458247982066 -7.11201779995788
-2.05348091523637 0.900201966876959
4.43418579221788 4.67865712783756
4.40869836908674 6.93822080103552
-2.1711526914706 -4.4697940021287
0.0289704408530276 5.0425440132786
-4.29031694292401 -7.51055195691893
-1.96615944168454 -2.47866034646254
-3.69852663813454 -8.1891515516566
-1.33517935257548 -3.74719084438334
2.71489759312748 5.8691984564079
0.376218635532474 6.72920001901645
3.33745443656776 6.49186867147355
-4.29943469802736 -4.66290563315351
-1.6531413373453 -1.97184723441806
5.55456975380663 2.59043097807621
2.7997203326425 4.5127026386516
2.68275141094096 5.58348643464681
-3.87614900201838 -12.2039942823485
3.73228905763175 4.8242246755307
7.14317129292399 0.121834279616734
0.197335065034835 8.1537366837499
6.80881019330553 1.25302229181042
-6.11876032739669 -3.38751856521436
3.61677267179296 7.29595032960069
3.40116762017393 4.38536754313646
3.54661124100404 6.7729610485298
-1.48324023632011 -5.02447325987794
3.71383116990939 4.50827145682047
6.42726225291931 4.77748541460313
-4.05863388292782 -4.6431554191126
0.783696722436314 8.45916803908549
-3.10645837638183 -7.19437361804691
-2.99500532372321 -7.45467724988696
-6.1240506420856 -4.25311037317656
4.44409302791434 4.71898134109965
4.37615154101928 3.21269006838862
-4.83277789149806 -2.4581271927063
-3.57646174320727 -3.21407926980011
-4.52325694076773 -1.83351856988344
6.20717467453908 4.18558557737227
2.92470634857952 5.2811475745983
4.18295122438609 2.42824853164206
0.129511635301844 -2.98553040083287
0.211407939084617 5.16139529102391
-2.97692471419026 -5.13355129542417
5.8498017527501 4.06891313187843
-2.1557488237356 6.06933580768394
3.33929590965937 8.10830195701163
-3.87761156919619 -3.65723021316592
-4.21485373991108 -4.64448780051845
-4.20754678067577 -2.61396911968001
-0.161773136620734 -6.2770328965061
-3.30107480295883 -10.61233538875
4.7706303918222 5.57323514968802
-2.39787587685586 -4.19784385810477
0.669238521526264 6.44581207344318
-0.994724862482051 -6.98967101822111
3.67664194949465 6.23537769329319
0.995426941163943 7.69724357082478
-2.88987025924139 -5.34667467025944
2.12181789629774 6.84441221214909
-5.50208715421387 -7.18247198071765
1.5244752270319 7.32974661946654
5.1536355209115 5.83515523060531
5.03278709947095 4.79929437692792
-3.07840638120019 -4.05736378731201
0.87515297258095 5.17692221762915
-3.21409632001513 -7.74211901578971
-4.34305336194466 -2.51283427043549
2.03657430999366 7.49497828833649
1.45401696652214 6.08003026865192
3.88013024437798 2.71038871440956
7.46487670659198 3.02442839765466
-3.19509570938488 -2.92220457067118
-6.77600303773952 -7.79039056217677
1.15814184264736 7.23294912276138
-0.968400539320796 -2.7493237028385
-5.54090285660787 -11.7771093338252
0.352422975153989 4.23629610120677
9.20147563483256 3.73255963467508
4.00889499344832 4.51935989908446
3.96492520018831 0.619976479876432
3.49673492918431 5.98489985242354
1.76834932617003 7.24363123704439
3.56845993806623 4.11999288928552
-2.08509795998807 -3.09237904754924
-4.39390843933225 -7.09272014941743
2.10565327669546 6.95896878122749
-3.30358630538726 -7.33041672279423
-2.9489870941803 -5.35263478868424
3.80051557128598 7.59603223655054
-4.84644006968081 -4.68106748858696
3.47868187726094 5.84498309492335
-5.54587272172473 -5.8235333706719
4.56570598644619 5.1055368159097
-3.54678805557562 -4.08509424191361
-2.72005105922902 -4.59130756283701
-3.61963851814917 -6.29604089267953
-3.36201919864146 -7.85927894764991
-4.03816155023047 -12.9251399632002
-0.84973052150636 10.3659658664263
4.16556009248293 5.81373354061663
1.72846648967406 6.28920983553287
-4.32535986403022 -5.79367976416004
-0.850971019762386 9.06725377718719
4.38604740219039 3.6986100250344
3.46351633987448 4.97890290121166
-3.59750188325984 -5.27947133384799
2.07109452288085 7.36159629693703
-2.40788702645908 7.22906177497432
-2.04617606494686 -6.08425104424164
1.89022435141867 7.70865816214447
-2.74015455733578 -8.41328369611005
7.20456375467272 2.08002461975745
3.5545631662784 5.18260882848519
2.44425731904941 5.65933768686111
-2.56445433041689 -2.86053777420255
6.04484658453496 3.99055011540174
-2.93235215368072 -3.91356207095685
-1.45270663490056 -2.56125052397629
-2.30179286472014 -4.38820576435483
-0.247327800262644 -1.41154686028813
-1.3330444567852 -4.56907486327573
0.0492098937797905 5.40477017259422
-3.1788908913924 -7.90568072876239
-2.18594022133957 -7.08284662592706
7.11706680221364 4.45786584821724
-4.08965945918604 -5.14691421665632
5.88516041494194 3.97776631920549
-2.2937064445649 -10.0229869736439
3.58994297647528 2.33386840544181
4.69581110609687 2.80363760735758
4.44844723119577 3.88096540733072
1.82877954390605 7.71248783522299
5.92709430006442 3.9909684830864
-0.443746115718724 7.91122169139954
3.23179407690884 5.28115560603127
-3.49681417823398 -4.88217459105287
0.0178929583190666 6.3490943225168
2.59198634333005 3.75903432708901
-3.52183339584831 -8.72793012511029
1.30624098319368 6.4092274005938
2.29892033793086 2.25948226842322
-0.942918003076337 -7.37632994320479
3.12315993427951 4.51302063562487
5.90724543912379 5.06964029445016
-6.12752416727078 -8.62467931199739
-2.85004869165163 -2.35537478118035
-2.57618622474265 -6.57917246590252
-5.02338996963404 -7.41601223732791
5.18738091073944 4.04644324494833
-0.643198376088023 -4.2556607953041
3.42533432545591 5.99719713820951
0.535832728661777 6.73183615859413
-4.32605534680097 -3.23580917675852
1.51077397207913 7.52595830384579
-4.14207990457505 8.09533369652636
1.19926613302297 5.21899373220408
1.01601667591863 5.65699006352423
7.71835400349348 1.54058588159911
8.89660955566035 2.23122048151711
-1.89127152164553 -8.98694725655688
0.322451933335605 -5.39000971197998
-3.73705278856839 -5.34953863135782
4.1115400602571 6.92575546050602
0.753977976172613 8.28794454052077
3.26491285668538 3.39097124270328
-2.65915918714586 -1.37209957388308
2.6323855828104 4.1436369123162
4.42758444643141 3.19742360858202
1.56254042502642 3.45155863658132
-1.90998921374534 -2.26312808769759
2.32960031882403 2.15819439288488
-5.06540651957211 -7.93778897259054
-3.61720300477036 -4.05585931715163
-4.23927286220171 -4.63352581197995
-2.4790510591803 -3.56598380616953
1.97203350384953 5.32343129651427
-1.87778379891673 -6.35540491636385
3.54180152493944 5.24843159727765
0.846728599760958 5.02449010435962
5.76595503936668 4.43064396647649
4.75414061677804 3.92674022042829
-0.585151235375526 6.38788045379522
-1.67571925363748 -5.78239014981264
-3.50576188611034 -6.22199301132501
2.04280230053092 5.85129964927554
3.77871010467452 5.95197023120067
2.20601832240555 5.14968225502627
-0.907348121334735 7.39158292320282
-2.24794961237025 -3.59155934340124
2.25749166263487 4.78985793999023
3.64098119279789 4.12825213176144
-1.87256212219523 -4.11882532007151
-1.29556601045446 -2.95338347667351
4.06312637475852 2.29447831839914
6.36953816485175 1.79764067429125
-2.73818430384282 -0.739975852648306
-5.37505836755306 -7.37045542433691
-2.73930208021611 -2.11243971097972
4.81451422090537 3.02266809098254
-2.46282363529323 -3.88504633464783
-7.34326133301268 -7.91227912074046
10.0640615999935 1.44686626688363
-4.30785397588576 -7.11056383031626
2.99311007744853 4.4325414458763
-4.37158530336785 -6.3401507045675
2.46258838249717 6.30275089826956
-4.24121332109257 -6.38179117865483
-2.85935940524446 -7.4183511121523
-2.68835277026304 -3.07716148039771
3.14074041009328 4.15533579218625
-6.51973234357961 -6.77661970495729
-3.05008183365242 -10.6159727288709
3.2053858850789 4.75933568897325
-5.19592563496196 -0.248687773103342
3.75399455220714 4.37272830347686
5.46322565765953 4.77900493509009
-5.10394932235331 -9.7161928218733
-4.16823315208043 -5.3647256075898
3.9021316802062 5.79495089344697
-5.35181022801371 -6.50720291720864
-2.15263234400573 -9.68893563072807
-1.18426577444429 -3.3093200264295
-0.865601534359856 -3.13165773984777
-2.7869483675379 -5.94764875075923
2.10046936067368 5.47084380751596
4.58269523260074 5.46156386001075
2.40101165734367 4.53830159027583
-0.0427426878676624 -7.14509204456543
-2.93565901005833 -1.14597764601007
-3.70341722671903 -0.502749531612714
0.202482954786765 9.04456796732469
-3.91710335276402 -2.09721169426832
-3.93012815675604 -3.95669573475221
-1.85755646318078 5.78193375976008
-3.49575266436667 -2.22615765542369
-3.81820048054486 -7.61788482393657
-1.1278380911422 3.01587606949494
-1.47472667808969 -5.76752305603594
0.336029490611145 6.32372286881077
4.58656797378679 2.82523115983352
3.31854792523012 4.00750704692196
-0.778283969154891 -6.06730362645654
2.37016028685883 4.69273756079366
3.49400725905836 5.00233886956819
1.91035646369891 3.75964685567664
-3.03649047508767 -7.55097709832976
-1.9777729222901 -6.65891074667809
-4.14776936502444 -6.08969076607249
4.39542299182503 4.1512188365365
-3.54232042290227 -7.38892850327122
-4.36298873228481 -3.66113667793342
1.88201689951102 6.47107512763398
-3.37410441252091 -4.14902405952514
4.27111072867582 5.50417011326226
5.46410973770886 4.95742132600093
4.42866401924699 6.2082110236226
-2.59941196784847 -5.86651115413432
1.98809788450694 2.93744389446746
2.15716171171865 6.26633678668524
0.154655340792739 7.77214166942243
1.41761426201905 6.26731012626119
2.04624851688657 4.87527657550159
-1.45806218560389 -4.68661203343864
-0.747487378751754 -4.60548954435965
4.18557800700837 6.70980150328142
-1.05147706784558 10.6689108692855
4.97407596971702 3.6623674704551
-4.33976489400357 -4.1569075427389
-4.19332936509393 -6.70456020286109
-2.88656361040962 -4.63381465817377
7.42460030494796 4.21657289463612
0.363961598623398 3.7539086649325
-4.32027793748861 -5.52073449749569
-4.57692006146133 -2.31278432696731
4.56867551301962 5.38225283134166
-1.77329441798803 1.6915040291955
2.86846532299803 4.51962881770824
1.54201514423628 5.36394833915495
-5.19382530451311 -2.62604395334551
-2.88200622323022 -5.13657990748096
5.10941671274469 -1.51493696797325
-2.88121801411145 -6.11143525589268
-3.36628864165496 -8.32930314770406
3.72876001393162 3.74364345959925
-2.82312550903675 -7.87721127792905
-3.69470216438963 -6.93641961142598
3.35274239353835 6.03741389621779
-3.97246128650701 -5.28945469839693
0.630314221794066 8.58720110195247
-4.46282597348534 -4.53112836582826
-2.69748720954366 -4.29571881350842
7.2126833982102 1.97216485197453
3.87077180943346 6.00159298038833
-3.50413335563079 -8.65229124091704
-2.00123982764504 -8.62428233382592
0.558931276272725 5.52019131794435
-0.918584427770069 -10.2993941284298
-3.576285575157 -2.26472751029976
-2.08311584092512 -5.12849448020162
-4.84908996567762 -0.725983199251502
0.375812268438028 2.9485253792615
7.79242174304313 2.92003559456344
6.01056579398377 5.51180274802468
3.3227294848487 4.56825858991534
-4.9518481966807 -2.57470052459135
-3.06215307074293 -3.42947911650703
-1.76225136179096 -5.02156866640736
3.57002264966643 4.89135828457844
-3.70265720142454 10.6495516389366
-4.30489311412889 -9.22430397247925
-1.66058113993255 -1.05417896963962
5.50597250126094 3.90698481104651
8.92099617760965 1.87138822736049
0.389468170269913 5.78854695482124
-2.33962633783608 -5.00087819334853
3.52135029574632 3.71867932938863
-5.12555563966931 -5.90677242179424
4.91658390791719 4.34160587578762
-5.24491323196857 -7.90081585339287
-3.10613060077636 -3.36019069915307
-3.33074322719941 -4.33972585749527
-4.67649772844702 -7.99712802480628
-3.50642845828575 -1.55554242975812
3.95705479712213 3.89330744159888
-5.12166245248749 -3.80324429529693
-4.14393868474303 -2.42193466399962
3.40371930638513 5.75303456518422
1.29979070766158 5.86990631841519
-1.52193649378717 -4.06020699874529
2.08595837591351 4.62640469029045
1.07899643759149 4.85375041880069
4.25030526500529 7.46133980177132
1.61946840019976 6.41604560169316
-1.59531640595709 -5.73438195802691
-4.53449665522018 -6.68881594507866
3.73592560169691 5.28117824561674
-3.67809981742596 -1.0285336573318
-4.36511988397113 -8.0173103164013
4.76898279380884 4.87975398399462
-2.84452796996028 -9.11397775227549
2.38554458945386 6.28197552237646
-6.25368232396946 -6.84205399539778
2.57117455432319 5.66704529525743
-1.22140129943281 -5.6663408652996
-2.99483023755205 -8.77797953088454
-1.42868769169587 -3.29711670880522
-3.42215691548987 -8.31477558520071
-2.94731290602257 -3.0566229594205
4.53884807894808 5.220224194972
5.60663013377502 1.81037588509331
-4.38923433022777 -6.06307295050384
2.95710131902201 5.8736025085806
5.05838052549743 4.38252274741266
2.6102699278147 5.2978646363047
-3.48458238303728 -9.29251716218835
-4.66747307397467 -7.38950656573912
-3.45784734944594 -9.32960459764557
-3.60242961910469 -3.70351967527228
-2.31123232205593 -8.77951497137813
-4.12248889931727 -3.97676103691734
2.63533774016737 3.92019294681739
4.01562938080349 5.79174576186631
1.07302111380442 7.43778680430222
2.58407366284568 3.94680359586898
1.50525688708723 5.57190674776467
0.877147404412631 5.72365912870001
-3.04631425491018 -8.96416155370034
-3.95416293361298 -9.22619722754295
-4.62267444349863 -3.21381425225282
-1.95209313639286 -2.57985805276591
7.60764628452907 3.39716115727123
-2.7784389198234 -4.7681661831272
-3.85773802840042 -8.86601874563078
0.216444720680353 8.25981278462083
4.91505505065388 3.84608776491749
-4.78607147048814 -5.56153457381185
-5.9317451591535 -1.02999754206649
3.73138983205132 7.0547306302603
-0.987260440006938 -6.66471087787321
2.7020496804484 4.09922729970161
0.132592275876234 7.28880766563448
-0.516429490450639 7.95520934916901
3.04857270436155 8.01238299614017
5.48292346121706 6.80360294764227
0.273009445073983 8.58564310896676
-2.85854222192087 -4.87307297171831
-3.81469138037771 -4.53284889810101
4.33577345886573 4.71133095402056
-1.39060750592553 -5.38926763340728
-5.03373223859091 -4.47869315786112
-2.39431229166499 -4.13445951958806
-3.83289498149036 -4.41613267959133
1.17327392477856 5.80117671078492
-2.78596186371576 -3.03412422707484
2.36914741702335 5.00035733822516
1.69502536783764 6.72265901915095
-3.65015153406335 0.31020396732124
9.6320573976211 -0.261871277996897
3.26133863287485 5.64829635890554
-3.47653962608512 -8.95796062014381
6.15771163259588 1.94991689459767
-3.84186028131313 -7.68723244871254
-2.05220630140493 -8.92592295364983
4.28614409707439 7.09811555542203
-3.79166925419946 -1.43461427092356
2.49419273353419 4.40301622324341
-4.42899029061476 -5.2804827208534
-4.65839779561288 -6.20768514973963
5.00930192916558 5.52018586257235
4.2058836152029 2.15772191512592
8.32452088727638 1.33600055073334
2.05257466959557 4.5900995927297
5.58292530341914 4.30178211343711
-3.09285577411788 -3.88452648021227
-2.33092281164742 -7.49793055427098
0.73846454758879 2.87575731166761
-0.972232570371736 -5.01139576041682
-4.80153928715329 -8.42395452796259
4.08156487089918 6.76930507674832
3.36606632674634 1.98373476670894
-4.23804335983019 -4.29630442387193
-2.48527965305645 -2.92597451828766
7.40306437439277 4.13632628071825
-4.44985337866324 -4.48802379438679
-4.22996537985661 -5.74107996109129
5.07666268702664 7.4014730162427
-1.52119799817896 -4.52121341700841
2.83988688716614 3.51674405121419
-3.74863652486471 -6.76735414512849
-1.96238013105282 -2.70046122853108
4.51072241243612 3.11623889712774
-1.12143161554915 7.8361329230794
-2.2394506266375 -2.69334499013992
0.0145331192680391 -6.68757744650958
2.6434702903915 5.97482085916746
-4.56245639793113 -1.96503025056136
-5.81680072739865 -8.2977863853979
4.29991296258241 7.94161660519961
4.47415117721957 4.14382806709622
-2.35555352025245 -4.53638154068907
-3.27977129170147 -11.0499212922437
-5.26263289196548 -4.63173131997602
4.307698200332 4.57001306597396
-3.26984901967871 -1.54106752760925
-3.09570063249149 -5.77479422621171
-3.23524488237244 -7.73264098807347
-1.07795887956923 0.0683409520986196
4.75749909507439 4.57026659175962
5.04472562076511 5.21907577856694
1.81572547180115 8.47806482965894
-3.17485343534976 -1.4370397959668
4.04049401650823 3.41931784880008
-2.98065995172084 -4.79466548732423
-5.18919963756646 -3.76162248142208
3.26322483391853 5.22690028718678
4.37342747280268 3.52056773423302
-2.28393709639575 -8.33010084070779
7.53466675415088 0.363572805548036
3.53442448358695 7.56862458624243
4.04719566771882 4.07239862147084
8.22937632581413 1.80347614159154
4.34312718117906 4.89235217009304
0.829172627759744 5.83949695743845
0.0933415784451408 -7.65837440098245
-5.36534959174566 -5.31656351451762
-3.23538882686396 -7.87594845848481
-6.10396627292134 -6.64341973039561
2.22508563232989 3.75342739147791
9.05264574536775 -0.163450942209793
0.162666615713658 4.03337028736094
-2.75115372604973 -1.74951852080462
-3.19721826829749 7.67751873381861
-2.37170488585377 -0.903646364947835
3.65735678753516 8.4231774972354
-2.3689307712142 -3.70902472729223
4.8089953218142 5.15458933768538
4.97349536331123 3.05550651596261
5.71259427797896 4.63922119059746
-4.63260360420718 -3.64369474169568
-2.18123541684052 -8.43817206594538
6.39142916767685 4.1038698172745
3.54426157016215 6.00980231739414
