x1 x2
177.708525943182 445.949269408692
-22.455750199298 103.463845757347
98.9344929471057 174.386582314012
57.839284657257 104.003591037658
54.4435210507411 105.719097566603
130.039658602401 381.612767256101
56.8218786187177 242.524612611351
58.5665545860968 105.26938829174
99.7267460678051 172.089973810981
216.391006112086 384.982891753881
138.493308709856 380.240793770047
17.2855866367037 38.6683007000829
171.697459295471 457.929157884483
96.1659901576439 172.891701562919
96.4165828951952 308.656067382516
96.6901418327365 314.031149269618
133.799959059305 384.283931526888
-17.0126992884899 -32.9392535072238
-19.6038417916687 100.148593993511
290.269778295564 514.440234550727
54.7659565408662 107.177268402248
99.5116553842521 172.382178160343
219.93861121181 378.423259786676
173.704932970708 454.013866946303
56.7684184200047 247.589788453865
60.6903106475523 246.328580114876
175.789935006571 448.484384355112
17.3125049367241 172.944394489498
16.5538051853154 179.20782099033
91.2815224869378 312.461398489229
256.723250725326 450.755053633517
-19.4944404022916 100.756008106424
133.610575495905 379.286177559828
291.972359498551 521.116659406329
254.933292593312 453.619237332454
19.818721482865 33.0355856194827
98.4191647835556 172.22379051822
99.2932116362695 169.944272302881
135.337850793524 244.0943860301
58.8966026855547 104.942810779683
252.74189545805 451.607528212041
10.3406004836454 178.404381640736
18.7146349848891 36.4820414081761
176.232736813702 448.479780497063
295.433874186315 518.786681391634
217.282367030141 386.99743035791
56.8632397143634 111.83352839962
58.8929671077032 104.323136224969
-17.231554527224 102.794119295416
17.772674576796 175.563507771216
177.084287994461 453.303701705293
135.385530533652 245.169798359074
18.7328333855786 169.117549920014
172.710343791619 311.604272275537
135.844255744536 380.823229506013
99.9229275365137 173.47588868441
290.295795754662 528.425913110663
-22.9359923549568 104.817761180217
17.6379415073085 33.687580707723
-63.8408885227263 38.9212320739266
-57.5388444753468 29.2607344810806
-23.102480302082 103.363356326367
96.5402349361473 309.554795333797
-57.3420173794348 32.6662808183891
55.220616759092 245.329586863458
61.1526370093639 104.404119138826
97.2709532605941 313.045584043305
97.0274494355245 177.321253651986
15.9878993544848 28.7504301974749
97.6524479004561 311.830429582187
57.1066768943568 246.951045930022
98.8733872746432 171.320088511066
17.3842366672881 176.184558762865
99.0958839067136 180.104846142309
135.527555780765 244.095036523732
-64.1185071811961 36.6724496403986
174.483234326684 451.964769727247
21.4065563590216 37.263513011004
-19.4425177042054 102.947975520404
61.9584411352989 104.606666523993
292.831512987861 525.866625023722
219.418907170909 381.393374097378
-21.4106867517791 104.431329518753
52.3932663685259 241.482660988768
19.8885042512679 37.4200794411862
14.6455255034282 173.29434752474
-21.3028621417942 -41.2642919837197
291.570443728783 523.50231460852
-16.9600911518415 -31.098764353479
18.8083352896757 168.303083632037
287.387794467307 524.708433266107
65.0811133159917 105.464418534902
22.7086253107106 33.9363149485226
134.664318411021 383.986096088456
137.617488922868 246.477954667942
96.0218207670045 171.312704357563
22.6285525577018 35.4015984930031
-20.9403643067856 104.171623246399
254.635459681254 454.813869798592
172.633028666584 450.489160913602
134.726217964372 377.889585531479
16.8047743701554 36.097369110745
133.523790654291 381.390019275211
-21.0375332668424 103.700044972098
135.297744913411 383.742360619465
61.1046784904697 105.199342347416
139.479176907868 244.573431337237
172.358104349944 453.447839168998
54.7157567406234 247.350307208173
138.285089158831 239.747704641672
58.3341668560919 100.558337976803
55.0154542716347 105.869217409261
-58.2563864090321 32.2894183964922
172.537908712248 451.093348731953
17.0130447125989 171.908519149564
16.1471387528443 176.464736686892
-20.4009776384157 103.48263909411
94.106813287601 174.855459789331
296.754805615522 520.948557415957
-18.1483830414932 103.645980292371
52.5282866033116 241.938378694306
175.473160483687 453.017750207642
17.4644204208438 32.3365894008057
-62.1236639080136 34.801863083856
94.8087810948777 315.45526164733
138.085603085458 246.754012436193
-19.7671539428124 -36.2679645711399
256.116564073005 452.903328026241
-21.4936678523799 -36.7328899486443
131.491540730235 384.409062103031
255.538003866441 451.924183893058
257.986606569999 451.298185708426
-18.3279828318977 -32.8427025008172
58.0525409281026 105.128292273639
16.9047099071367 176.406321114005
95.3495698523541 171.822087490225
212.766742231156 388.097432817857
135.339735185738 245.834503945602
136.772699543084 381.012672903266
20.1610110159835 32.17680892265
58.1107325609197 101.88471848332
96.601035278016 316.113027782672
289.893921241841 525.193946033965
255.231971794699 451.865794762779
13.729453502944 176.32095297722
-59.7486698161049 36.5490434162018
62.4450019565055 243.219786946477
253.460210216045 453.15217921266
135.077164024493 382.037531775704
97.0123319011145 171.768438420087
15.6420090706478 173.634426557536
56.6168198116498 242.723221345931
216.443241224735 383.191939834828
175.970363756963 451.712579672254
59.062817505676 101.379683412147
140.816997321246 247.808943304862
57.0589565386482 106.237207614606
293.64254132029 522.364705769952
58.0306437856045 239.767594727533
289.41724644063 523.934124835937
292.168897915426 521.8233277675
98.8530817894768 166.810629017603
99.9495888243279 175.29755676197
216.266980762449 381.569166173039
-62.9845077374122 34.3760332880022
138.169525514015 381.783923834872
99.5706416703302 176.102532233189
-23.0211820990954 104.434342946279
-22.871358093541 -41.3771931212103
137.600306234194 241.500104879816
14.1937169017188 35.3427018677579
128.192205442263 389.10807168093
17.4723328658461 172.560973092887
-19.2898014911611 102.820078195799
-21.9820059153984 -36.503942158284
-17.302233453606 -35.2513592934293
289.470195568143 524.486800428981
-56.0451116704293 37.7155794550602
135.981538400542 245.622260417407
252.466960714505 452.545417470686
20.1122582788757 34.608265228899
-21.027671889495 103.631721316439
211.886414761605 385.592314862446
62.0259464403667 107.076369960784
175.511113185412 313.14755278987
24.4712397562779 33.4265219766915
60.6040305277292 104.95503304955
12.8162160526535 34.8306698926457
18.7353699290223 172.312074355723
-63.0588358262385 31.7987822698035
61.2992370571867 240.939698226716
-25.5539338772334 104.49714862827
297.773833675933 532.17603560767
98.7909527920026 313.630076818185
-60.797961909817 36.6592969290042
58.5509216214504 100.575211806624
214.984540356757 385.685877231214
175.522199335229 315.409432986563
135.997913342927 381.962980699136
211.436205626508 382.671551338591
50.3823812126288 109.480143659743
-19.8635531336266 103.340703532304
21.4348709862047 33.9746066013453
-19.3084975978168 -34.3669685482178
-60.49821189334 30.9478094822553
173.958366797503 313.092278284791
252.280158697668 449.093940325472
254.068583891909 455.272787187983
293.824390380509 523.471571428435
292.638520292361 521.888286401332
298.450833542108 524.220077586764
254.05467649461 453.040989662162
255.959033220616 453.215497856201
295.811744529375 521.944551102137
216.85872524721 383.28408972103
291.28814902947 522.38269393538
-19.1995690629372 -35.7464613189427
135.114966051305 239.194894243292
58.4829589770058 102.777503606313
99.3323668704542 180.688204337296
-54.9295905939117 34.1461017277544
19.8751284946485 33.9976729099433
177.391309742533 318.044032126097
19.7974054245786 40.5646177780198
252.704877536288 456.360798444272
57.9543104611017 103.637297619551
215.201798941243 381.754539310426
-21.2878005351429 103.954242497387
-21.0039944445507 102.303756946451
52.4841739265595 242.35054243964
-19.1509375800635 -35.8906884916253
219.90925745492 381.952159344932
136.767098628141 245.466468298061
177.124076143301 307.515005298636
291.821920756342 519.740522660268
258.368729701021 451.552289616467
139.903192620805 380.571625451644
-19.2286556310835 101.942638869452
-19.7653499473772 -32.6714601289899
55.8738530050905 101.025866388084
135.687920822178 245.941252460532
96.023063297561 311.437346812291
15.6760476566917 35.4249267413318
139.589606276874 379.173864336552
175.367954511637 319.446943278127
22.4959760719471 34.1241539535745
-21.4768942591615 103.930401460601
13.2937381354711 32.729852563876
137.97873424066 244.11913612586
-18.0440232426098 102.847901710846
92.6022339391544 310.056586506559
139.864633021717 246.411450745215
99.1690830711933 177.197978498862
19.0680662838308 35.1634300065697
14.2284082649753 34.2972315961817
140.404772454879 245.386778682765
135.416552722227 243.207199602295
18.996275139055 170.618187711375
133.936688757071 382.979583618593
60.3607605548458 97.5383561366745
253.158244036028 449.288735889954
62.0738667526048 244.743011545736
21.8765826805869 35.8216568782752
178.27321973842 316.39040906337
138.36956207766 241.630622647008
178.107519978383 312.080575015575
253.611719341799 455.800930826684
98.2490701257881 313.974539070761
18.0399055530445 35.9653301699847
56.0994890575802 242.62236526176
-16.2300268371767 -32.4179703298475
293.702594346416 519.238298809762
139.127714917856 240.726969841907
18.8371062890785 35.5303845951134
96.5296131225003 316.832587793811
58.027128559019 107.397131379405
255.115676767706 447.836792897095
96.8006151623752 171.951640565392
12.5420185980368 174.043071826277
56.4401736582119 109.487945143089
17.2031469936346 171.344016644025
-24.370817592941 103.474540974857
169.502222856459 315.988418272019
56.1022271099133 245.667328939684
-61.4578851876978 34.9194567025045
64.9370988828661 101.033891660758
63.8244443436324 243.761485324189
-19.6179436042975 -34.2371543717018
139.739560809151 244.6120237119
97.8747591848892 174.756843164778
293.584915056723 517.564674009328
54.5917008401751 103.280265371789
141.221234069434 388.025234408251
-20.3246346291521 -33.4509904588842
292.143399735715 523.146347024527
54.0934317984886 240.323381780801
-18.2136195302872 103.366791084069
136.0928017766 381.159926110478
-21.1382905225795 101.755563232773
95.3318071431762 313.895046982542
57.1548762545498 108.815050076796
134.949013301195 245.992990114414
-18.2605295951285 103.517245935905
138.918273359691 243.578078428259
209.622888271257 383.969656577065
21.5478929376828 169.510659529242
137.68369350341 245.431812762467
213.560940775395 377.064694974932
134.420075215539 241.262207621852
296.035075490006 520.007356025218
21.6960487277598 32.4537465728806
299.519221916435 515.338534362896
135.704016203708 385.320982985924
63.5388062529195 101.272793942456
99.297880064606 174.404730658975
-20.3052023886302 102.55917746053
135.212536998646 247.431492239752
55.1818609047036 108.101669457252
172.914025893563 317.455057734139
139.46327794562 242.398888633415
294.079153721298 524.907285607028
138.915517624396 240.541212289858
97.5683022270188 175.170858982427
-18.0561484628705 -34.6594021820307
296.368197308992 519.363904642101
134.923449070324 380.893717548787
254.450799018929 456.843018591908
255.795399261876 456.6295028502
299.995515431029 525.711386156599
99.5023235065632 178.347635046629
21.0588373252391 34.3204915743382
142.740171364007 243.234926325977
136.499426559138 388.562439787506
56.0357968407082 242.714693572055
170.680952197593 312.853956312364
253.586638615279 449.65327714252
17.5016741800707 175.268781893548
58.7544243421532 242.43315714987
135.201911533711 242.967839689885
-19.818615231169 -37.0564214426834
94.7550620982621 311.666521291023
-20.0979555742576 -35.1354742126071
96.1359831776579 181.131391145451
19.6032176473854 35.0202260188804
19.2302035193454 177.091681309503
289.835426339297 526.655185043147
180.519737868091 315.039830860752
-17.5810181211988 104.032251534022
-20.5079754144643 101.927068943257
254.51095520022 450.770041538183
96.1292907198043 173.500019367216
51.8171998055375 241.37649357191
208.633056426643 379.591564110355
215.377244861131 381.233249284241
54.4542972729906 241.70070927923
18.6020804186593 34.2361889604884
98.2497213964397 175.840275848299
-17.6481115334086 -34.7648828160401
-61.2552558085808 30.1599930114556
98.6178315891559 313.205054718961
291.106577848571 524.759174619398
-58.5654493804419 36.7511147711522
53.4927313275675 244.831826088077
178.564335771639 312.343599068952
214.260563331845 381.626320007286
216.918937116648 385.207594380396
135.673036682755 386.643752472843
55.2235460452476 237.372696719569
255.650160831797 455.740162748702
213.538291416856 387.027806632388
254.584965034569 449.785760631294
172.900605224426 453.406919686267
136.517572827736 244.096100225915
-60.3718878982991 32.3717813906485
98.643841035487 170.087590003973
19.0871631845998 35.9877669624435
175.761752248848 314.317495536851
215.575748279731 382.440954376129
177.906419597343 309.805047550436
17.0890995957853 174.730041877847
-19.9897659186947 -37.2377131444526
-19.6241969236965 103.758138092485
16.2874501639164 169.791408274505
-58.1350935988587 26.5431338149986
136.104863851755 242.325035181392
290.315007049893 515.805299492908
22.2493687687347 36.8154210190852
133.609433124509 385.233539986634
-59.0663906379806 36.2042263492853
141.495638984328 385.324613477498
97.5907781245751 176.057119079041
173.857380209458 311.597788491842
140.08425348868 383.580048418716
134.117019888056 382.503903197863
57.2425834829623 245.882943599999
56.1104157612416 104.352414293538
137.996224846109 242.31781655782
16.9727716903608 33.9187953688738
289.507983383443 516.753080881791
60.2244720479164 100.983437969978
256.559653186466 455.020009504523
14.9130222337378 174.763053369892
24.6266676739624 35.4692876615801
176.990409911678 313.385972374278
17.4765986773538 174.756589830084
-19.3284802407546 -37.8718440846931
98.0895857062117 175.414978396743
-56.0607398040593 29.2524817635985
14.7831698265588 178.274541069653
-18.7021683758596 101.720974732123
61.5643741563034 238.495492457729
-61.494169221207 29.2839439017968
98.2814926757848 172.801556167909
173.569189410861 315.381116160877
135.182440339967 385.956773013112
253.245006576913 457.697449481796
253.346781501659 450.596085429251
133.67753387569 244.186724432717
173.764691076868 449.705231625562
98.8900533063682 181.667383924219
59.7499288790757 98.7555185592844
-24.6578862767025 105.928889044775
-20.4903369619929 -37.9397845497227
139.362378048548 383.029155378449
138.271378362013 384.40644410249
-58.0300670996671 31.1604657239598
-60.9572322128434 34.4090944215836
-18.3203428474702 102.088979638361
-64.8688083307667 36.9746944218876
170.966711603014 312.812028811883
15.3966415014704 170.344417852909
58.1720600459103 102.80992371571
55.6839862462773 243.893443908509
216.442852441997 381.07352935025
19.5957934583965 33.8552483981145
16.5922738757929 170.435737240829
20.1683551972595 169.113165404739
255.308122020679 448.455853587461
133.965852731351 382.41562700777
170.638549020173 315.320597099684
210.577767266729 380.163509915316
133.565875877375 378.805055127331
-23.0831120852708 105.217274265975
-20.813693547615 104.249424015575
-66.7962616126105 33.0023093936107
-58.803340295789 26.4707511066715
61.9682781400966 104.716301882366
217.582092973658 388.682503613286
257.749571807161 451.880463874733
175.489378266204 308.834241766121
129.180692058574 383.007417045062
181.07587095031 316.386956391536
95.4757514561783 308.974337995798
16.7467538960551 170.96754812264
-58.18546604924 33.3252292748119
252.739087623647 460.445119054819
95.0699025618282 173.307244051849
-20.1347820671328 -36.7107112807238
172.910863028071 314.454206340976
253.237293363969 451.246690447057
59.6829732836084 104.247818474074
289.93257080576 523.974027657563
60.1685279646309 246.151236989796
-22.9959043232246 102.686487703798
-58.6259165159565 36.037850071045
132.163160556263 382.307183274808
171.642446185034 447.77075968238
-23.8496699056683 104.183715920665
56.9202586192312 244.321072023392
16.0156350728381 173.955913407281
57.5573441629312 105.885865958427
-25.2529621223713 104.50397224759
258.057294524594 451.089009632845
295.883737920202 531.212546720459
290.988464801208 523.214726626711
177.867899048406 454.938225369814
-59.1965229904584 35.5148904477724
98.4411115611806 310.705614891588
171.584235820663 317.923652253344
256.128475004891 455.581429643337
14.9449409234149 171.85990065939
-15.6159481512976 103.464543721697
-19.8906470962249 105.598359264377
16.0159186425819 170.0030673082
179.990234522761 313.243827705652
97.786472111938 174.038619027096
17.3649992971102 175.43618020722
97.2573579071054 171.12975822971
215.130872282786 382.525380919066
178.709053377462 451.584391100454
58.8239968286871 104.879372938648
292.191031216043 517.565441527562
57.5084154845293 107.389531590681
253.870147802116 452.922133343147
98.3966073848299 176.405176610771
97.1019714828019 176.651482152725
56.0394323693282 103.870894140964
-21.8397603676757 105.040336944921
60.0799772789525 244.469169250404
64.1938753165427 101.530707006204
291.482083733013 523.738112507704
-24.8111770841427 102.774228286779
19.2727249218405 34.6714503514511
-22.5090703361499 -37.0596630436851
57.3607283049351 102.948675083785
180.752088315695 315.48825351262
96.6337188757586 174.831911021226
215.380387978987 375.904269480953
211.883235090377 385.772049845393
-16.3814420969126 -32.4263443839904
18.4326003624375 34.483771217059
15.2149826844955 176.506262644714
-62.8529505732641 38.6636554474887
95.0758813795091 172.37549480573
132.018560378108 384.635019623963
133.911091055304 380.016040425455
18.8968092855135 40.0894597014775
99.1418268022907 170.323901534877
299.221289660135 524.716551932917
296.226661006774 517.138370645158
96.9237674064939 164.156075495425
97.9756788355572 175.548044658974
-61.1979264691391 34.1260363514248
295.343859302881 523.446527133447
97.0718959949155 172.659466196209
175.806156715182 316.250039317523
97.1690638456695 179.407392715154
18.1740988777278 33.725788211153
-18.2561632005773 -34.2536656611445
51.0916511844536 101.617639437948
98.6085554260317 180.552068609282
253.279321199509 447.270944136996
288.765229859605 520.875714852861
-19.5057685286545 101.77824999017
137.057220876741 245.525416156833
252.48074164563 451.621212033523
170.320669229913 455.067668708505
252.55034840678 450.812446727112
98.0795238487356 171.6875791931
-20.288347291018 -32.3155629864447
215.52723072315 383.082698466514
177.595597756883 314.813200081798
212.192220912613 383.015143677395
21.187378480992 35.7160942790408
293.511785536379 521.475715340407
61.5724705319315 100.110509270647
-25.9198993205472 105.647344152468
49.7942836360598 237.760086104308
251.535542269335 452.949263490948
54.2717873485861 242.78799190142
256.25342500418 455.668748506822
58.0601836552207 101.099928999566
255.121506311997 454.802914515982
98.5927521481219 316.804129168461
58.6164046920071 104.96634230244
61.3166001818408 239.269774825602
48.2172516613842 244.35486875337
-65.510578432081 36.4982617942083
20.8031579155537 175.004358370672
97.3856167320871 174.160161155551
139.751109850181 242.353126977372
133.61053614646 381.505300798621
177.660609649846 315.897006614742
-19.1143411809798 -36.1452500277772
-21.7166281236723 -38.4344261002566
254.263969178965 457.028929299502
-22.5032948117085 -42.3382048831976
175.072294972111 455.790349682615
-61.1687318690337 34.1206198092071
253.813014544554 452.722108618426
177.034922540039 447.608393526277
172.539643288173 451.515451094335
24.5884454845883 39.3242317961809
90.8855157122347 316.550831287801
-24.4739325456335 -38.2104429294024
135.338313551491 384.565455363318
14.6285890155801 30.4077568324744
100.554694361571 310.027373067484
26.0706522403241 37.7609068937027
293.204838270006 515.105524917941
58.4717932417607 99.4235743919116
-27.6511374193054 106.849987885401
-60.8790236869104 31.2497867275524
56.63519531295 105.649238431911
-27.8497241765479 105.195899788408
98.2086963320001 176.383015964436
174.57984383058 315.146727920345
98.0025515058824 173.243538006502
99.417926810794 172.258707544082
-20.6995763019724 103.444691242867
51.0748460249113 243.440789862962
217.304449671815 381.136180939132
254.129487315288 455.573651210467
-19.4015936445471 102.222589872318
-21.9634357726201 102.371576782206
-24.1919322378424 101.764570928297
-54.90700740939 30.4547131350427
-23.347511038532 103.325910779402
15.0654493216422 32.9201040747008
254.800880530892 452.882802768129
21.986751973629 30.5881455022694
-20.1776182829639 -32.9640163381134
19.3556644103795 170.841216330953
170.574233100019 452.7517260217
131.345490889469 246.518071612656
172.572013325311 313.934490636712
291.043497345422 525.609486236511
53.2590608557481 246.822736223803
93.8097322942518 308.969594569003
53.4481451390688 239.096667542808
134.155498670392 379.565275770143
184.117337962667 310.96645087493
59.4480460458078 243.885071299235
294.089187445941 514.713215937174
-60.0915251794912 35.3272481939755
-57.856179225819 32.5025698245396
254.151745358848 448.307988030243
100.99839567481 170.677970826398
-57.733784762063 32.4587376458063
96.590902103108 309.329207431119
-17.9086353092961 101.7960734113
15.1896485970894 31.7354879168922
-20.3852878977428 -37.2711183082032
15.3527620241901 174.774509539917
98.2524841548881 172.231225035883
176.438145001079 451.117816850535
59.014277051429 239.512071751647
58.7003907115855 104.93024560247
99.6450917927944 310.262761465373
16.4956610237324 172.873526078126
-57.2655279954305 29.0077054066035
210.101472177464 385.82903728009
-61.0860661468885 29.8761831928266
59.685376210727 103.48769739104
16.2539535548428 29.5503266381636
-14.0507300270277 -30.9997674658836
97.5251711895392 313.279910875697
255.036450672634 458.06582711318
134.854964940033 244.124854976258
178.96201519384 314.251364992003
-21.7054775432833 103.980386379063
135.390265640877 244.875734480938
-22.6645607645257 102.656789404208
137.288006722695 383.262164609398
-26.195126416225 104.307871781335
-21.134606123727 103.611555372055
-16.7636023118601 -33.0043843357969
95.3457289504222 308.982247864469
133.819323091175 242.444707170934
-23.2856542960592 -35.4608353229457
137.619976229632 248.268621209296
-24.5352720298472 102.336601884268
57.5254550340448 106.053809538236
63.1342201154601 249.278011170462
-22.2989550553625 102.739630753947
23.366389253104 32.1803105919621
176.04898216169 450.495309332796
179.855765308839 450.91111313195
172.951933816221 313.874588669638
174.215753460933 319.887293440253
98.9220460542105 173.866233442558
-18.0496509605214 103.787706256172
100.177420383788 173.294217195129
136.725717647124 382.712310480386
-65.0505104571099 34.2792787782693
-18.3567148751628 -33.588510673759
133.811928412506 241.696479412696
-56.0423492018892 30.4071958273088
60.0002652978181 240.209634803244
97.114257118544 310.096232336677
135.872905176465 380.550646610609
64.0806264391702 102.797357155858
55.6571154136983 244.289863739558
288.287228242167 526.007338651344
139.834390055206 244.002160793048
60.191373320825 106.440215381126
-22.4780086359311 101.622784112006
177.514958291733 313.849416486254
94.3759847195614 313.070282419217
134.752732647939 383.956061349767
58.6288389720451 105.153466051348
213.671479029307 385.321536979982
-20.362467240025 -33.1574717482201
17.5372668274567 34.0570112917496
217.418344470235 382.568656994119
59.2327370050168 104.826891111795
56.7380198071992 240.55666222655
99.4396299691926 312.194516357002
214.957759482709 384.157055204628
93.4586168022651 310.754371606652
169.261699958999 450.846086218725
97.53431614088 174.763660161306
294.481908496518 531.297813778926
96.3445441197182 171.707986226245
255.812922556429 449.424459394256
171.78094694359 454.653940203038
252.988194217223 457.989094076848
130.423262254983 379.172249137005
17.274370537543 173.609206935677
20.1757657368185 175.373148937422
252.793251569171 454.159748355669
-58.1432391551432 30.9083290496395
135.60597819988 242.811276102833
17.0115563771084 32.934506100301
-62.8687721267454 34.4934118476335
51.1315367734752 244.34568130833
18.2631987641358 33.2219390878109
60.3999626877884 104.602958775246
55.2055604670241 109.900728317446
253.829704318799 456.941715265671
138.6480717711 382.541409211516
175.9605985356 315.789044430185
175.394209832175 450.751616286296
61.685837940663 101.787505817565
179.793194089539 313.869063028238
295.442917214914 527.176577436188
251.759269115869 455.634360660122
-17.452277045296 -34.6764198053445
134.269296115944 242.21760400174
174.518895285445 453.89615414044
135.996824579518 243.628159175914
172.596414926743 311.985661049309
131.510617782586 383.412797301542
135.267466686318 244.983134347994
139.819190019579 382.981665237705
22.4669461101105 35.0150463167106
-24.4628055969031 102.412581778073
177.497493884125 316.031356994245
55.8875243013556 104.362201163577
99.5521732836697 179.190831074988
-17.5301913450883 -30.6588174195992
60.879842910824 104.145826588852
256.894259628597 449.80085193624
171.864889042959 319.517864860674
50.9026667104389 240.557728959231
15.8983172432578 173.694193507894
176.166836809897 452.263401508127
58.5227718086075 247.210394932028
255.073294727918 452.836283990439
-23.0549069435596 101.817832572205
133.483205806866 242.935386370094
-15.6789937821596 -31.6055131928237
-62.940551300149 35.3201344430084
176.083160821716 311.867452705734
178.258154263392 314.299457927798
-19.2581335260185 -35.1085582277528
135.596359633544 245.655386029786
293.335061704692 524.230758964351
58.1832846278356 102.921324285653
59.138903208177 243.146457681012
136.806570064289 243.105851207316
-19.6185892667774 103.230087985074
98.7912127380561 173.621969681189
-24.3300961792369 104.285862744246
24.0700056586078 31.2101429756575
97.8960719826883 172.777016115001
99.1848120706255 312.850349482544
17.8861351173538 172.151415794309
95.9839137554925 306.635351953894
-22.6378429660397 104.309525833397
133.019956893442 383.88881690099
176.578974166626 319.47705563165
255.592917544208 455.215936078927
216.269719470788 384.955797605152
214.907359767974 382.190195752734
64.5848878258449 242.993765564955
224.627368289679 380.774780199696
97.1681593404333 173.581110775654
135.986740592921 244.235500113087
-13.5814819023304 -29.833197926092
176.42692217429 452.561642689331
178.22670305469 308.651659558496
136.708786560989 245.039857613148
101.180220387205 177.990466540371
255.625972472296 455.806761501517
178.978539342947 309.492845067791
-15.1454896964051 -30.6982142929987
293.20381639028 525.28222110106
95.838270129641 312.307951952278
-63.1433276203574 35.8995507260574
-16.7432053319956 101.261277456642
21.4531392898469 31.5644363281416
65.9045256076007 244.145365362394
60.5012627556773 98.350885970298
-23.3955417568194 104.991827578491
15.7116314933937 171.66632173094
-19.6589669505413 -35.3254806305421
253.553418939255 453.949111344778
174.264270475889 315.132943549083
172.524812412624 316.173873132357
54.4356977458286 105.115887506181
13.1640760976437 175.010068642442
-18.6265294075534 102.555533769555
98.6579930259234 178.572170786448
95.7377395757856 312.415231185811
16.9275298618837 175.71663748046
-25.961520036052 104.30255904698
-29.7306799998687 106.195868020564
-20.1128023499525 -32.9464795967288
253.142335348511 451.372481684232
251.494399764904 457.713044294558
139.876846670878 247.942755032225
-65.386823109068 35.6319712596113
136.597814172545 381.959675623033
294.324873567791 519.826307188661
-19.9152670092937 -34.5300371495539
-18.1652388405644 104.603989503972
-22.9312392411098 -35.10546258595
173.26723920257 455.670147115836
-54.6888115043654 36.9227585601104
210.532965027244 384.42270473604
17.5535500186379 34.5705974936068
65.3278319507701 242.423325914442
136.944625106662 244.259630023924
135.603249827926 387.037045425954
16.780010900604 171.790918635813
293.23069805786 519.827318207066
96.3257563873746 169.622559481074
-16.5017662367125 105.777897879836
-60.1522906458308 34.7189994184119
19.3736451111077 31.8502512384699
97.060543506958 169.167006235114
21.8184137309982 172.108107448107
-64.9539623664443 37.5258498688034
135.817425698342 240.817838660263
175.20789685698 448.58872012036
-16.9740457836789 101.536426905429
288.593527788632 521.808127623492
293.366368492699 522.561833136837
172.867253163489 447.682189088766
178.188146020717 455.163393239755
254.361968374068 454.753522932359
131.187201051951 382.169402118115
138.057099121829 242.327528794131
94.7556597882752 311.271992236439
172.486208119165 312.525795019821
97.046816886444 170.609060195517
173.371598212533 307.80475938543
18.0308638560858 32.0863793881739
-57.7277793521114 32.6305477966902
52.7168650859166 242.029936994584
138.332651538161 245.199605647711
178.409044200835 312.539396618407
18.4275187069192 34.3186635117556
141.855693230589 242.293062438448
60.9682112674763 245.702209461456
136.231417304859 380.04211909681
217.658871840449 388.057109680971
-61.0131043882987 31.4385319457476
19.5537748194314 30.4125619122975
294.575451072409 519.765649975
221.96196779009 385.361168771133
178.259285135827 318.440565059156
181.703978812015 310.928557781466
17.1002708018002 37.2058913298634
-20.8874274680376 104.695478692699
20.7845012424773 38.5261558101292
137.954911732556 384.249730082046
16.4621995896144 176.375496749795
53.5745188405553 236.8218750404
98.9549341518144 178.912304647824
98.011906512606 178.19883910831
134.533476587578 246.468339883361
137.110312745337 241.106778286819
175.230488936579 454.328810461014
175.215582606789 445.805099953701
140.414288506478 381.361503448279
134.985147690959 385.891089854924
295.613715525727 526.422148425917
254.823309169411 450.385136976846
16.4432757031126 178.672244064571
97.7610613886617 170.562028276872
176.055946548632 453.497077613015
299.027000023755 519.696763812893
212.858866061737 382.737728626789
-60.5170556088262 35.4622067614089
-61.7746103446845 31.8095620603065
-20.0486334391768 -34.7660525648835
214.678403018173 384.467199491104
216.487020299179 383.643501000663
57.5174669870579 245.48222965901
60.0376836648632 106.956865418557
18.0706042741913 37.7793532188544
-20.8147576173229 -35.2738170653094
215.242889273133 383.888532471686
-20.0937612687829 -36.2835960981698
-57.4498493658603 31.1759461394198
138.612281325258 239.135307136493
62.7536150444594 105.382137728986
-21.1603416586003 102.92699064895
138.652305690702 244.591833620749
143.262193621808 241.081437624436
98.883365853211 172.631414852658
-19.271995200297 102.317489760265
96.9362098803893 177.48686061821
135.997181961073 384.745690122053
64.874559808735 99.4849686700402
62.1454946031824 105.947901721846
-65.023950594309 34.4605124065997
-20.0136722026892 100.754482444718
-64.2530919676548 34.2244474675811
135.034902865159 242.229577483115
291.234574840686 521.61588793847
-57.1038962135278 29.8218332762128
-23.7506404217085 -35.3809302253613
291.010608173839 520.609473493189
99.3523253851796 170.133854270095
60.8630904130723 241.281171047322
296.712885368355 521.836247465507
18.9271242327002 171.363848367273
138.507053313994 385.556898705093
297.571122644709 518.384137914098
24.2012939764559 33.5216218177651
175.538317801894 310.253116544869
177.124189385957 316.715325713472
-22.8683648087675 -38.3566057672299
58.057373078768 100.686636926655
21.8862660692951 29.0059220449602
20.9088051597498 36.8588500691565
19.973777308188 35.7240099708851
-19.7195036644788 101.517176602886
-60.9491955270649 34.9737229419486
181.38255980104 312.627302706307
58.8325158026697 106.834467644824
61.1484270252555 101.073453035307
56.0666699450679 247.863604386361
-61.846708532676 34.8095723146415
139.048378995399 245.649160959899
22.1274005987763 40.7082900216667
-22.5713613060747 102.45112992989
168.683349175312 310.017843775992
256.958418966242 450.40677347496
21.0747648533406 37.0866973907108
250.353399874076 459.762067942272
55.7404879136918 237.269015843821
-57.227034469291 34.9695917834943
209.49915220475 381.092596579047
16.354728280689 168.900437418647
56.4048577203182 107.52262343319
60.4018673943294 241.434333622414
253.649980946576 450.856605371537
60.9198771223759 246.122501392496
135.336149383319 244.510751650845
174.588789528895 316.849249418176
256.218896557286 452.899485677278
-21.8906007212102 105.374069559487
132.959151374781 380.893380755387
53.7683872727841 243.130295311027
61.7994915047351 246.932783360327
136.463137285485 243.897769337375
98.7028045214128 173.296586055439
19.1238449068515 175.179523264827
252.883914234797 454.166810023022
-17.380625904733 -35.3493438899351
-61.1636494427469 37.7804341017517
19.2182348873075 35.62146216886
58.7182760414351 104.993622501642
61.3974554575042 106.307086606888
-22.8358452688935 104.619140864705
177.88203001957 310.479415120001
59.1104065156786 99.9952975397786
139.222319641514 383.024870767435
17.9759976573916 174.362054887231
99.4937895727302 307.768741715887
20.6835267501985 36.9514089863102
19.1710188958886 35.7615782504541
54.5064121710435 244.434123573422
139.301723261292 243.604139822394
252.70751539023 451.35049351701
-19.2875856336385 102.544250311375
59.9694567663905 238.352739679375
134.56011120483 384.137972806614
251.483079576814 453.457992515598
59.6860702848817 240.913031101101
24.071734037823 167.662528370123
62.0268870652878 240.562129567882
98.3203901257518 174.219738512534
96.9347078158611 172.00869425055
22.1282678805276 31.9448102891943
175.837707291317 445.457552871953
-15.4741685014627 102.147258089894
64.33259714073 106.271772715237
58.7454883645898 109.235522072977
62.5050187628353 102.121760625406
255.298358440635 455.514624770552
53.4159815465691 244.788869550153
252.005907941824 453.952108262241
142.624425755682 246.015893775116
297.025832149659 519.086424386801
175.801125786508 315.546030124473
134.902365686367 244.110353069484
97.6555538288048 170.469686951494
137.150418357926 244.716025398047
-19.8971967860403 105.218816369393
59.743862330464 102.326773566691
54.5789302761692 107.920148279349
64.1877640614221 103.101744602913
21.1021953854853 33.1075722099235
19.1736776929819 171.059178436108
-56.8706770727776 31.6488507130853
56.6561373602797 103.994507817491
133.194000251143 243.268565963745
19.8172849996623 35.761066277066
254.694028700067 456.697347654833
59.1074777481995 244.123090818892
-63.8279475645864 33.2350367433664
-18.3010717415255 104.301288586949
99.3318925093008 170.397825892992
-54.8038241580253 34.2408806537487
47.1850854824515 239.829455554293
-23.8175624465278 104.793463151234
54.3854160387908 241.349193943584
249.291413136425 456.824011428307
295.667048236914 524.118396739114
17.6316795362373 175.185720816394
61.5173738952768 103.800126900109
64.899091341288 241.657316094
173.767658858037 315.794566078917
58.9462796780311 241.155828931582
23.5459591486534 32.5958738981032
-19.5893651570785 -36.479823079529
98.6059745595374 174.419043478208
136.327073229734 244.629068428588
295.68774823811 520.810825895204
57.3651242704662 106.840177213834
254.992843440626 455.577115337389
293.650766228096 520.650269408508
97.1161603179998 163.031392404299
47.39268216096 246.013752984259
-22.616220882687 102.959589314116
-59.0980988521743 32.0550587969574
-18.7381685085918 -32.4827509896043
296.101913545078 523.720327111595
140.602455630595 385.101827765967
132.862232283929 380.42181024562
-24.4183569521429 103.622386194151
99.1107512341399 314.83540096471
58.6286940257763 104.733085120664
98.3123064516135 169.32385395086
255.973494281796 453.948613473278
98.1554069076914 171.544723902007
-18.475250588283 -32.0865211051131
131.640530343812 382.656869745063
90.4287999942526 315.889909980463
-20.0465093181473 104.40185653256
-58.6941175891284 33.3857953478326
59.3346140921526 244.645573415752
-15.939645288732 103.023780135344
137.456851793692 243.556311380852
97.989172593146 171.623684076951
253.297012625127 453.717705500095
-62.0358299009254 33.9034777883834
19.4580685003291 169.60736803874
254.396993315736 452.657073631376
56.3853401517101 249.34378067201
217.35239309259 384.39746871851
135.072902194474 239.467628807586
96.3871231858907 310.90573589853
-17.959531485338 -30.9334886648761
97.2328709013717 174.669994719931
-16.4169221621243 -31.8176752144918
253.455637100839 450.914585820666
139.169691455571 243.666515612905
60.8323160731449 247.44370276215
-58.8518803734789 32.5407240764304
61.6520611826934 242.744430212655
61.1068032074617 101.897512625207
169.444977423558 317.562473166054
-56.2379430609018 33.5693967452182
135.881185031212 241.000472069317
-62.3097639224651 29.5082354648586
62.290151912917 245.258489132258
55.0151516450081 239.352025103269
-61.5484145718452 36.7300580063992
53.5743470926969 242.929626403333
-22.9996711888063 104.377067041013
98.5462762199219 313.40517072712
-20.6933564079611 101.375736823957
297.576509222533 530.352795761794
97.6057188405827 174.692444876508
216.593466565203 382.316457892312
137.846575442068 246.98069051223
-23.1326689803258 -38.1455227511804
213.658465497707 382.018123915952
135.897465405951 242.964210365283
292.254121765587 521.359692650575
137.245488681249 242.499644129126
23.4233304992106 32.7926879297427
252.105525302682 454.57512099605
-58.4786939356916 34.8452321338811
172.896134662194 312.424450641111
210.968265283806 381.407929666546
139.918625392824 242.613457583784
98.4653688360828 171.018412997495
-22.4883531636563 -37.9596927345181
19.3155706169335 35.464173783914
55.9545489676346 108.146984743926
177.883990877735 446.933487255064
55.3834064436091 239.907110202981
213.410002569849 387.10807192123
291.814908276845 518.782195792382
139.645221278477 245.838054023701
132.277099016447 245.194024957051
140.672812196934 244.845709685911
180.190221307229 313.889343058061
26.0613534885752 33.3289673365639
59.5946136783979 110.520023585503
53.4493251268647 240.24005065179
172.114919337238 456.411524158172
136.584013085485 383.50534684688
-20.2902597033677 -36.4109716947006
14.0302659965846 172.790781503734
254.859420007623 455.812572138713
-18.4644741378106 -32.8373312211899
255.348352331845 450.544666797666
16.3180589553174 173.431392704948
60.624903748523 104.719549209505
254.753587009629 448.790445529679
136.106496094386 242.968187002008
96.9537832310323 175.680042924618
95.9129984626862 173.79002319535
171.006860372145 316.563225359772
53.7891971748617 101.68792074635
-59.4021332557675 34.6974282104114
179.462002375351 447.997139419887
61.7128144760067 247.334113909187
15.0987509857923 37.8962420217363
99.0226688992965 175.328346513658
18.4789776055759 177.758161141648
-21.1753605571877 100.880123216802
252.906430862082 451.918157970402
58.5147943848953 104.743869394289
136.99742897835 244.124674581355
137.441228156625 243.547794256119
56.3323868226783 105.688900860106
-56.2054324030755 34.0880418619404
175.832728910765 455.658612248972
98.9560372271957 178.206820733163
252.715409921606 457.132264960947
132.967203146945 378.201794340383
177.221655146884 316.159580890264
137.188614551319 241.262749422159
134.350159151744 244.988839509112
-16.827928198347 100.61829838677
94.3676958368544 310.587024307192
27.0364278209811 39.0956196573329
-21.2749500866513 105.38125986328
299.09521151413 526.687320063698
178.236144530171 454.228871596064
133.134540704807 381.228377748379
59.6729644193685 244.707252439072
-17.2122902405489 -28.6087480800054
136.744798729057 384.705804680755
98.3424024632046 166.746533334231
-17.602816081163 -32.2081756921241
175.599876322927 312.537738861149
138.664794639229 376.100142656407
16.0996773956713 34.921425803362
53.5072684220944 240.842450408737
20.6683098801104 31.4771557516847
174.452708038381 453.112066859388
62.1177059080498 249.776711421209
256.719426443782 451.513635103602
254.282744125047 455.453263947488
-17.7870214837369 -31.7112187489186
290.086007516381 515.847683724312
138.294978783853 240.890884715702
20.975388741998 33.5889736582484
-62.9072129976545 35.4078821983589
-21.5980937377256 -37.1529032148074
-20.0159210284319 104.969016596621
-63.9300065918934 29.0489419327178
255.739610607165 455.767459551752
-61.862214701982 39.3047193323502
294.910323594584 526.766377729377
-19.190402414256 103.461029385158
173.027051764086 452.667316062072
253.495727880562 450.847814144992
-14.7763279761143 100.22969076806
137.354596442551 243.511059793022
19.3024229402064 34.5089106580363
18.2918262142713 168.254704095754
255.928190070223 454.679401657565
55.3224406015748 100.920022291074
57.8697904095135 242.869562194111
59.3481707608537 100.92616323189
-63.0038025816692 38.0315682062434
57.8872750783501 107.323932415392
179.034328133783 318.424515894002
139.246903835751 383.12621273784
-17.6141668836584 -33.8355416261112
254.260925810006 457.173354428569
215.942898622506 376.382775076993
174.611928519884 452.678492268557
212.874588808693 380.309427502171
59.2102266052273 98.9390073880106
-23.4542099654938 102.348578020286
-60.8235588738156 36.181077875168
18.9418679079277 33.7533145003844
63.2256231873972 105.260892584657
255.287012541933 453.842570327361
-19.9938554492546 103.132659675909
-21.6002185886417 -38.8632837710922
55.1558753167133 100.913627837351
172.547762626674 448.664365780711
98.5215628452744 175.246234673088
178.528822878593 316.241088041179
97.1557831719596 165.499743545092
97.3932389009068 172.432430932577
-22.4814147406153 105.506651714939
99.7988609710575 174.863171859874
92.4973460287461 315.644451149837
17.7344134086339 171.17744061623
97.7843262660531 173.609894789312
97.6082887952222 177.799386987321
99.9394349582745 176.736351159485
23.9363416689157 34.6032727321864
96.2051437003322 169.54288890558
254.067974284381 450.590824455475
21.0619043799011 30.9976486204874
98.3585360526722 313.592173604992
60.7615549578098 243.367695458439
-21.3924425659359 -38.5205103346962
53.8085833303049 243.068704695177
56.7707876097403 244.560477834649
135.661225271393 243.006784291626
18.2709041233748 31.4492657445369
136.73656632605 380.2978597313
289.036592131335 525.770968840398
-19.8769156411723 102.45599840094
56.5315498194144 241.475287539194
173.111083663732 311.031994852656
-60.4602308140598 32.1783927806615
251.877579023431 445.790257096135
59.9384041171708 108.827050030412
215.652392878903 379.669578792174
52.9906371171583 243.030215309873
142.799874658192 243.442120797269
-62.8951253000431 31.9773216946384
138.70677972057 242.21349408887
18.7722548307663 35.2014163115487
21.8378056212536 32.0576530220507
256.508354933633 458.564648171611
18.9673471134761 33.2519294644433
288.435415177504 519.804516085444
175.66887133904 454.714129373319
99.17162966286 184.142888232347
56.2346403364592 239.681898666259
256.362040572689 448.503510571301
60.4221760429947 240.94321880248
176.38235615298 455.64729055156
255.503455385465 455.061554900559
58.0664648149612 104.488458031084
295.347980769654 523.01081045021
22.3995675585323 173.328526060882
61.2991130538518 105.115200244245
138.368157854902 242.502391720447
99.4959976986034 173.042212885649
135.473976461681 246.069347544662
97.7424975688421 175.956500081223
97.1517009611505 170.510744702215
-61.1338822653566 31.3133703421576
293.270956889072 520.354608012549
179.87647420109 318.015191338973
176.923236796529 457.949444832833
-13.7117389649043 101.480568764255
284.784583996966 529.589545952726
139.693508358701 383.442501531755
60.1089486187809 106.404261376305
208.989039547095 383.278403290923
174.971985056729 459.99785730288
135.322051667559 241.493150901147
-59.2750594273188 32.7489901280677
253.008280137516 449.218512168426
61.8808914453118 102.920797217461
-18.9261595023184 -38.2505845374712
101.279429123053 313.258066954415
55.2809878468497 104.172550204733
-22.873104725754 105.282608585233
-58.8719522573129 34.2261423677491
217.068255238902 379.118895209039
61.7472342105758 105.145090087477
62.1414433624324 243.294834516419
96.5913650721259 171.040630714058
-19.1537520707229 104.03571530407
181.490817742907 315.292709230175
98.3524481906032 178.72955929979
252.264986788923 460.868794297112
60.187862179847 103.579034735279
138.238262261422 378.078206106394
255.70123005663 450.222090991934
52.5169367813233 242.37620740373
-57.7703640518245 30.1032249728181
19.2724491467882 174.0830946916
54.8235920843746 245.7687321883
57.863246756843 104.450137039949
131.97461676047 383.085858199457
176.19134092602 448.152406686225
255.841109189496 457.716733648028
14.8123306461588 173.773645037764
-23.538017401176 -37.2115274305253
137.721509352906 384.241730354099
18.6879303249482 37.923655947798
54.416570776425 236.036695851581
16.9747988509677 29.6405708738231
98.2557371240347 175.916476125095
-20.4336457383517 -32.5707287494835
137.048538891653 243.024880689511
19.9474863148254 36.525269362891
132.595519413491 380.872835019686
135.510947966875 382.74752794164
53.4786825469127 99.6881413613329
18.552768577591 172.260234606514
-16.7569702465983 -31.9704367135628
251.933512628921 452.383957585289
138.75665607188 246.643550661213
212.139419572273 381.861408742068
133.779924027087 378.962536422106
97.5766558284342 175.241516678236
182.398340496536 314.971842982633
171.582375512184 315.371410064042
16.3308819207093 173.685625320182
98.9147568526903 182.261292990464
95.4394919283075 312.695996383299
294.970304914578 524.875766181905
58.4619715566397 234.89188053814
212.657586833381 382.784280563198
292.010896140598 521.871234068531
139.990265849411 244.852948539398
255.536655126686 452.711966252782
-21.1780830246211 103.559327663457
96.8052197706229 171.257717094874
-22.0375004626165 103.363133651264
256.296247760263 451.762590848677
-61.5913957965325 34.775984043224
19.5003566420119 176.420582261502
254.80072638703 456.181023069461
294.892061676939 520.802892522188
96.0566831710308 312.080465187694
90.5367278934569 315.090898561596
137.023247542128 381.581602993395
174.344693428878 447.833619486091
175.15659222776 452.71611849835
135.361309478368 244.681068074031
59.6218971023075 104.514772867707
253.547783014621 455.588785581104
-16.5333203443955 100.902035745045
93.3397565220673 316.293465325104
138.883201682979 240.887805736057
255.466964322854 455.009010172677
97.2236007008933 311.301849952546
13.3887708470248 32.5434909982348
94.0505471857159 311.341875954556
17.8637729309878 34.6697757826689
169.888813712549 450.834095075603
57.3325235095034 235.794453931417
133.511610946434 243.562572876645
-18.8584317588477 -31.2055719512305
175.610315378334 316.81820511555
128.909684572046 382.613624916131
-19.2803811608329 103.59527116156
290.344039225011 521.194025934173
132.510814685403 243.127438571466
18.2561284557526 173.006795135737
96.6287036102619 173.030078058827
96.6462670574378 168.425337023842
19.1708289137733 35.3169153930887
-64.1110640603866 34.049864505005
132.572597611132 242.042947506746
58.8803078209645 242.684723390628
-60.5976194344038 31.3445671371063
60.2006392014386 242.65805525173
-20.2800719966897 101.45188661973
98.4528976029852 181.818998469616
14.4581798172966 29.8693879273567
173.535797425948 447.889960678185
-20.3543171359606 -33.8075445450397
134.383213239025 383.834113898597
-19.9840081637472 -34.7245767401722
257.098746019493 455.210376188341
59.4885752681011 104.543319274196
17.4476810464258 32.0443271371316
-20.9151923205307 -34.9233158404777
134.087539844421 246.14502227916
96.6576296923862 173.3062154719
95.7979247967619 172.016153015775
217.188157071183 382.834728950051
-58.3779145435007 26.2903932354462
255.419767565284 454.73854317082
19.8056577898689 36.2285302508239
128.384350899631 383.507711728185
132.361078407468 385.48716994034
132.675449984843 389.318825330619
96.9164436714172 310.943864868427
63.4166570617505 105.131569928581
57.5482766079401 238.854511648261
13.8694150106103 173.38731873429
-56.5923289524072 35.4112248569106
17.5878591868895 171.484511823773
55.2694603885641 107.564367301042
-58.7165037920538 35.4686668290997
15.2347443205864 34.5158373517125
58.5263377432716 107.144309526299
-58.1596773184498 32.0759048436365
97.3089035103673 168.793805470787
59.1773285774367 105.501318329178
178.397928129532 447.68963061178
-16.3382101376428 101.957393920464
17.9413591408435 169.709860900528
139.730803544557 243.826313248878
17.7232293901602 37.459320700316
21.3033526798435 29.1463707002414
172.198616694568 453.248046104344
178.020909222661 312.808654045103
292.106021670659 526.898383656562
-61.6860204359424 26.8123814473208
-56.6771983883461 30.8976663196129
-23.088099142956 105.04935050677
216.165257411867 383.341438756203
136.189375048264 244.407937687334
21.080422174565 34.0490879528229
15.2714775061464 31.255958583942
177.376884122708 319.903974172464
138.760655461923 246.158557320838
137.479542773746 244.813933211756
252.89796493901 455.372719977912
14.3896315387986 34.867585148441
99.5889385498476 311.321376401815
222.053146637465 381.566829328321
-56.0507295097064 31.6854387880547
224.051683107771 381.648106249322
57.5156419288852 241.494198349255
98.0580303502498 174.24995201791
18.7361183447674 34.8409919626059
20.6567852454281 173.042412347259
135.904088979568 382.509936265565
16.7713960228184 169.375384964132
215.891608076134 387.72782170555
290.489627846143 528.03585130669
-59.037951166001 35.3833507174286
-26.1100413531896 105.642592707425
-56.11190622406 32.8000575092575
95.2352434804951 182.9841797052
-57.6334048031647 33.2859500451429
225.024547231914 387.183998181127
-20.3802982363403 -33.0038460169067
-21.717243665778 102.512528206089
96.4646473218944 313.356179699063
96.6147179475515 319.031748910467
-58.5763332492603 31.5581699386122
174.070610765617 454.747779463292
99.2682824795885 311.363859315986
-56.1991843472224 32.2618648057947
-21.3267386907707 100.967302812376
18.6207409537835 34.1926368683116
53.0694959238566 243.707362835227
252.544546158258 454.063588789288
-19.3064181900068 104.600322633327
-23.322071885109 -36.7910582423061
17.036847121381 168.48921664863
61.249492243633 246.611399287922
137.027030901643 244.868917351862
174.275015821922 453.530171391815
134.795250893865 240.256761326037
59.0652757283726 102.799025208713
293.00581999157 526.181043178154
57.6665298724022 99.1275847357494
135.418774317037 382.197735184308
138.000001803096 243.853913127015
132.199807439958 382.430809215003
21.2853137737077 35.9440294844159
-60.5508127015951 35.8953988182351
173.293817120011 452.785855985479
-22.9475530550974 104.099597740639
178.943980260176 309.990321666504
99.0986505717198 174.646832981185
132.956669797264 384.569624317231
175.597654896155 449.731809981662
137.529789229259 242.738283581048
53.1846159267997 242.172018069804
141.639364995305 240.314488228088
58.5883639902308 241.785311932043
97.096738208253 171.303363737945
18.5899425101768 34.6462632454619
-60.1748390305426 38.2687663598088
137.99485534861 243.387849327476
252.10067659376 447.330863956285
-19.3681663800763 -30.3142995732386
220.653128162422 381.931258083359
177.791573047433 313.983548971209
99.2649149248146 315.40105646235
61.862059155298 242.388267478414
58.271821547908 103.744135404246
-66.106527770624 38.5780989313762
97.717706965521 311.526978573514
131.769842300488 385.943882700573
-64.5619691356238 31.559615739113
295.694687556266 525.583720098305
-58.6952367794462 33.8352400386085
176.185434898893 453.020647020997
20.4794038881764 33.5799425862458
291.413799912353 528.883381680205
254.077253717598 454.064641471057
136.521998596433 379.640011460136
58.8437605686127 109.382527233582
294.559559417618 523.508366527395
19.0163580742956 35.1751919883557
97.8627495137079 307.299823523938
-23.1963839552505 104.664238144911
212.744882996223 382.607635746506
21.3225061269673 171.658091004961
-22.9370516917116 -32.6008871866613
136.11929460992 238.773151266692
15.0152860188799 178.273235622241
294.513927135053 520.11258080876
216.18489622225 381.559595807774
252.084021483318 453.549541588663
-18.0447970125508 102.368825964175
17.0879180475721 35.9816349174862
62.7133169746938 241.80004912584
19.5826949262613 36.0160224163597
214.796775666052 380.62708738723
14.527477432852 32.854121988471
23.4626425428038 35.68990126755
56.1589295943704 100.173090419101
139.579829274864 387.09605846706
59.0255468594019 243.623375368269
60.1171358476195 244.348954314082
-18.9294928929207 102.485858295937
97.5479438140591 167.742105975935
-23.5469958474804 102.968025623728
176.84531378712 315.001604952562
256.937297179298 456.148451628993
213.665419840124 387.164339743614
216.642238709631 378.329760134374
296.538294347577 515.94598098032
-19.0982620411457 104.5547366494
-26.7106179494456 104.897331317963
97.3519010029771 175.212345157554
215.666218623345 380.947762099186
291.035511716674 520.143355028585
-24.1165584666574 102.863929303348
63.5279045725667 99.9143065767466
-60.9468127173722 33.2633572322365
-19.7063295655778 -37.4513436073922
134.502674414535 242.772544992638
51.9597034389221 239.152006057166
98.3624746819845 174.761022206336
58.9686803979593 106.55278248481
-59.813163195759 35.275287387509
129.283114571105 384.276254337152
138.05886970028 244.669592553378
54.8757478936514 103.772814293609
176.191645526021 310.042808555399
54.6362583230949 100.392989418422
296.731693788479 519.206896844784
95.614657520077 315.532674565173
174.34438594197 314.366978640386
-61.3070611161761 34.106466503055
98.9314340193054 172.070628886689
-62.7116456615532 35.7827147352691
23.6728132243074 35.154864969696
95.2632542451385 308.132978771773
98.8319966508163 175.064361195571
-60.2164884247158 30.5085751131567
-24.6594054492402 102.391424047834
99.1791633152147 310.513558127842
178.424624783058 319.818440524599
176.341117059236 317.61511893636
98.1079575195124 171.397700760819
133.695210647605 243.896152658117
255.086150599077 452.531797532021
180.497742228311 451.638831067157
176.189337088535 317.564279009359
96.7204010456082 316.403177542594
171.951860177732 447.669964671927
-19.5306028638227 103.449312820335
253.894086511625 452.966616009626
59.3199188488285 239.171344592458
133.039409172209 243.101277833759
-22.3011995651879 -41.1296193076802
172.629122712601 450.233924763139
92.3532670148523 310.866796518335
-19.0010765283109 -34.7742214033536
-55.481118539012 35.0647555650148
63.3506444453513 99.7030866606942
134.927009637989 245.664055841007
136.798363276172 245.46262650651
19.1839080927931 174.916361401509
140.367007425496 246.673291322832
253.488826393022 456.060660941785
52.1905566816686 241.902656479902
-19.3696726224748 105.23220965897
133.15891875567 377.872513803926
99.5636037891009 307.60531271362
56.8310736649028 244.406863221976
18.4378878226152 170.883664243599
-59.9918177048461 30.9447026177289
19.9467916929274 168.699166866812
136.833135896349 247.460843964214
23.8339579798504 33.9390641079778
60.431624421454 109.069232859287
180.44491971351 449.851230536452
256.228673273679 451.92836601743
-20.4353411632457 -36.5291619485587
-19.6209129746605 -36.4886472725132
256.38466841843 447.394233728331
253.443132529344 453.007977564868
131.652614005434 379.350389496487
99.7075468081394 171.925222932221
-21.3159840529974 -33.7880440844378
-22.1468812166951 102.73759293634
57.5992802875504 238.510807299122
-56.6171374755866 37.1077946522825
54.1916449108645 107.128136703347
95.3152864153726 308.873500017382
135.93540617843 242.572517214639
-24.0469714533295 106.838651192096
135.527516189688 380.30573163136
-63.7621265862135 34.5751464430398
176.951800123297 449.128067175045
97.8697723661565 172.111062293737
132.700690996566 382.414312191345
-22.7148512037086 -36.5300883624938
254.460095516197 455.420491283212
135.591913274932 243.431444454246
59.9662163876884 105.537648499928
-58.7882496924862 35.2833528287169
55.8376573787599 103.068440169193
138.867240725489 385.889428380041
-63.4641132978925 29.6156399001223
-57.1455576742869 34.988942058976
254.00574057459 450.721254064256
-57.9399613098406 25.8653033359213
55.1117612534792 106.148866742444
-15.464607128985 -31.6083739430998
-15.0649367750521 99.2048821947277
-61.9031247333597 29.8512339866792
173.533193704399 315.4230864521
-23.2778687530146 103.068505217704
136.445461162612 244.020120421337
-19.2791595095776 104.97935951843
53.706378005072 244.360451990153
56.5099453009377 240.145359850102
-20.3506051478882 -33.5742799472929
17.9332165161389 172.255663600536
50.323249417403 237.936314810978
-22.9381396793372 103.493534754358
97.1295131755412 171.333020524785
217.15834300339 381.013292949901
52.1676003739155 99.8616361864967
22.112785166316 33.1906226268926
18.6927106474835 174.486455821776
172.031166356944 317.551986634459
297.590266524682 531.576771724691
97.2049061573476 313.264242207031
97.9138766548623 171.260995452699
56.4402187682106 102.755258279703
-61.9398145189665 41.3267989946553
136.63489849428 243.98052632883
288.93664169299 531.180279797753
176.113948560718 457.907421467787
60.9412663587304 245.662184605739
58.5155270653152 102.761410429052
-56.2893920590526 32.42874026826
49.9973686239767 99.0835303664258
139.283925401691 245.699642778597
96.6850969269247 177.770754178084
137.799373149267 243.457875330257
60.8304567294126 243.841012718092
132.855555569754 382.730635030369
-59.2940062757909 37.6938265601333
136.388157119154 243.290524546957
174.582511124584 315.280878439257
136.71449726401 384.817631767363
18.136623874013 171.769451476955
213.768014695126 382.271886997654
294.81444580883 521.591334508039
56.0099087118019 244.382334678945
130.137552858262 380.501954496991
138.683637455293 244.211616067253
210.900346119061 385.228459075472
139.079198806131 382.215928830199
135.724911450172 382.958284187729
17.5154202051251 173.155185991815
-61.6792883100085 35.4755893505602
54.2997157618912 104.105749209363
-17.8508976759194 -29.0420586490905
98.4791247216587 310.600786667636
53.6600487699272 241.819907831889
214.640757427942 378.794042727295
-23.868185092051 104.433201421946
-22.0028156972899 -38.518529297724
215.799416850122 385.912567144998
95.6218196917471 316.311278869862
181.903538860758 315.750018326142
136.30146888607 385.058006801238
178.221289789185 318.247911404318
174.977298388054 454.66395623053
20.6150782447169 32.564205458582
257.239482958478 448.096179648412
53.8005682717821 243.409346307208
-20.1017861987062 -37.9547294998654
55.2253090599752 240.284109444558
137.83718541639 245.377107601342
-62.6751012428038 36.3024050841177
-20.6798981432894 104.659610023412
54.5657942318509 105.342121644311
16.1948696316112 35.090724769037
135.465465085232 382.360724828713
24.5903145959204 36.2457901938021
99.1827190923397 171.797031093652
-22.5278221946767 -36.4058934457567
-23.2568274020576 104.349846507547
215.804535542259 385.434055814147
57.2718569205698 103.89397541934
-18.2214357541181 -33.5389603345184
62.6735000919813 102.622967765512
96.4038401322036 173.182880385523
97.0950359410753 308.734307434856
52.9648331186155 242.985716169097
171.665119194118 453.05939192947
16.8518720773246 174.250332453474
-57.5826340273743 31.9954631503478
55.7890222667386 244.400908142151
-61.7708994692869 33.7278450812881
98.9961311269201 170.467860918307
61.4746882310754 244.30582820126
-23.35926177632 103.186158275329
174.930303107571 311.098952426909
97.2376991621575 310.906351183416
-20.5779006914461 102.869327585548
292.144798689064 525.837862076262
97.8130130948337 310.529517872963
217.391085140225 382.269073654341
-21.7346676049046 103.013931529999
-55.9412783246554 33.6709814721748
61.0731242796179 106.003522784071
-58.9724462772318 34.3581024789476
13.8304883263357 173.355464512317
20.9850196727501 170.156164797122
172.919153766811 449.292087352298
-55.4945890259784 29.4958233868656
-59.97659417258 29.904127170441
13.6497930015233 176.53483751456
135.603693314258 242.270736866978
97.9535866583837 173.171354050202
136.235919979572 242.866246570032
136.129468861212 382.703432631044
93.0598048341127 310.377420230518
-16.664497048592 -27.6280953669268
-17.2989393266313 -35.9307385617316
21.3810264776044 35.0292988651225
56.7491703214759 244.697719235128
292.715335029447 530.682114768068
135.871165718954 242.225334330589
-58.606645552753 31.6242031413639
252.936133587681 448.575258511036
214.520815022502 386.089238893376
294.525965923453 516.84172609406
-19.141421357523 -33.1713311093446
288.927411778977 519.859178198226
-14.9282602743263 101.897758330721
295.897135513281 523.763639388499
-18.5941739082889 102.510022966617
-17.8577962096832 104.649764693997
217.209835380846 385.731032337157
97.9408501200142 314.628870534348
179.521512569515 312.53945784544
22.8134417126357 35.1056876244342
99.2892377509978 312.206312850813
19.8680710253234 34.2887786201112
22.039085094706 35.5336601307625
253.003687745787 453.716990248832
97.8097792530784 176.956055530518
140.009488477041 244.518505454737
-62.1238990285029 33.680278518201
298.276324674612 525.983542488051
14.667520757202 175.100376684336
-18.5998162627358 -31.235465256327
291.766187935075 519.52986470059
296.126202658458 518.061203783725
176.638295506595 452.73204642769
64.1817683496688 100.362301757555
300.925699493788 514.329093126499
89.409752195465 312.56293446686
17.9186482803744 35.2556869345237
298.871838092823 523.18877232027
15.8955391287648 176.394481405214
136.13829500741 242.964720623754
180.14685643314 312.374364241745
53.9450988812184 107.41431440744
54.7208193361165 239.967899312304
98.4832393649879 185.832668190444
98.2509914467387 168.033216744201
-22.4385260498442 103.438628934607
-20.5432358553299 102.211867795655
17.3851281522131 174.131733307171
289.548049198516 522.40770608256
174.264407074774 311.42567770306
139.153367737526 241.27545070541
134.290193659086 243.263611624995
53.345609779797 239.034658581546
-20.3236356475892 101.614530540314
-23.4427034313535 104.639210515704
-18.656491688107 105.085573317403
253.574929329095 455.525325103448
49.9293001157029 244.651654178941
-19.670040469537 -36.0799378276333
132.614757080139 380.758335004263
-21.1629460477768 -34.3948429427738
-24.261118521673 105.449888020681
135.400844359493 243.286814383881
-23.3705386103609 102.861968477158
98.4502123460023 173.942969237354
60.9742818473144 101.715426989855
18.2785924064671 176.639689193531
141.085197975294 384.340190364423
60.7775277177788 245.632839017715
135.740413828977 244.50947189294
21.4086974790896 34.8276407292401
-20.1159443222388 -34.1057601978152
95.1726090551487 313.875090666707
176.216245107041 316.441761213446
293.243728783055 525.360210184466
61.4540056294501 242.170565769964
18.2315419203308 169.690816838826
19.2361906261786 37.6850195461087
-18.8960103648947 103.2586104611
59.6133651990703 106.232884240885
296.987174299322 519.655542862976
-18.1453492602065 104.320992409936
56.4701933739643 98.4441922866077
174.986751504807 450.899992117841
290.833246633011 517.763690733869
97.8864316924541 175.656991141105
174.208817519458 309.44396008117
54.8932642090367 243.95547338914
99.5155981488552 171.023272049037
55.3412460403438 103.687473986085
17.7581150406279 171.284853203531
296.148955511212 523.962137959352
256.766360012822 453.051239841305
-53.3562670865108 28.5374157583728
294.110530144116 527.44214616309
133.683142863775 382.007083106657
97.6686281849209 174.394187076372
255.195445585158 450.276254911443
62.1471199087633 107.519191294297
254.11611090537 449.322369125294
132.369799437323 380.931308665638
256.17971436576 455.2447009037
14.9519032165872 33.8768645805257
13.4906845641846 176.394085978983
140.413635471259 241.806867140423
61.9185459987494 103.832970455054
-20.1237320615082 105.150762400006
289.655184831563 525.44613529149
214.210690587587 378.983926421806
-63.3866130797806 28.2205432797414
132.914481030566 378.857911959895
257.899637788107 447.243286399369
175.405739688587 307.831466251695
101.314215071067 312.604227689925
137.875637652294 246.765236656582
-60.7733308785602 33.9058249852721
21.2453183398673 167.538787291305
16.8857646572655 171.990828205483
59.8397027890997 240.974439111946
174.157211243358 311.664027576119
62.7357798722494 105.38161112231
255.426235673707 449.452350642422
215.633363095925 378.911588657155
61.2116377774943 244.305280619779
23.2810603570146 37.2458887137109
292.344035498799 519.000049401463
98.3044228110338 169.055725186066
171.977922099606 311.452457400101
99.0115545754839 172.619391842911
66.1121185022996 102.404313630724
58.298743601885 244.742006268242
-21.9900734833894 103.782399571668
-21.3532840554562 -36.2467855083761
14.7886738405671 36.695295179136
138.879689603469 380.785805090139
222.340839267564 380.641371013862
-64.5088389968146 32.7790096873987
253.95168213777 456.58678633565
97.3958908470776 311.331831147172
136.817612517989 244.181652546267
22.0658851038776 31.938974672242
-22.2737715033447 101.508756401949
140.430519924202 382.199659290537
15.8521833862387 34.7652254769641
21.8700706907401 37.9758748227643
177.460314984357 314.971690575388
255.790713784869 448.388240308116
95.3277134700253 314.21430736164
16.0355152208607 174.043835033346
137.410214883703 379.273039116481
174.51073428046 452.732122934996
138.081522043034 243.719367871533
56.6119572875434 106.983344083824
172.69329338265 312.582949187945
297.661771638833 520.805553801741
-22.5285695740009 -39.8221937263208
99.2989660812074 176.42790471729
20.3115269183729 39.2004829748061
216.144139361884 383.192975711177
133.967317478463 245.223939321545
88.90266344172 312.537743047153
216.536563983554 383.516975135082
135.960298914295 378.993532539738
54.9812438226155 243.6189809438
20.2138641648589 170.035045456154
60.2814522725787 103.99944043841
259.297367657669 454.862745519975
24.5229019272942 32.5628710802462
213.23976706612 387.746298593301
-22.7610979620995 104.258325126328
173.222129020387 450.49935551237
138.553066659036 386.560342030885
58.0803916748903 106.473898529079
-20.5772158176303 -36.4987371143008
253.888551405982 449.514056451443
