x1 x2
30.7281716324915 38.5737346129834
34.5556458205184 37.7583117055707
11.0360237170894 7.70762437886459
13.4339302544829 13.1072420852118
30.975823394652 35.4002815823068
-18.6278368426781 -12.7181791469445
13.986311372494 10.8435347506469
-18.7427457037704 20.5258438717817
29.9491590969208 39.0072530256601
-13.5106973238898 -12.470580641174
-20.4152170677284 18.8963935216238
41.7219270951291 37.7347113205064
6.81519117073103 11.4685137635293
-22.4271008371022 19.1207951819496
-23.2234599154809 19.5685075854721
-6.15929160698885 -12.3763908480775
-16.6361814432241 -16.8432287770472
7.03694989939327 10.3860053881913
39.4546129748988 35.0506703035207
-10.0399165309732 -13.5898050243286
-25.9388983034575 18.6981293820575
-10.7810914835696 -10.0338104568509
-28.6904536512967 23.2381250619063
-14.2611330269832 -11.6606274381888
-20.3051732730629 18.5209573593526
-27.5335540600685 19.3168930968992
-8.02598686660983 -9.08123761059406
38.6176782615617 39.2407614004554
13.1570711951787 16.2233337467833
-10.7997543462114 -12.9077766210564
26.2178082857838 37.2552506189122
-21.7817636532165 18.1112551140047
-3.63552936295952 -13.5559025137105
13.9085040321194 8.50918462514528
-5.002248841263 -11.0188793361181
8.86913326182272 13.4792458963633
-14.1734205799993 -9.12231238771418
12.2151741995224 12.000472039793
-13.6586750874083 -8.92441732742167
-6.15197402161038 -10.3390471026193
32.4333501105938 36.6915164771222
36.7999703130558 36.7737486785033
39.2886727823325 37.7733728501457
-20.4588208628532 19.1034883045121
37.0068402717278 34.3936258180351
-20.0785316223948 18.9142465413886
9.7702977311609 14.2569340220319
42.2116489006428 35.9095342271676
-14.3275392387614 -11.7366718086548
-11.6108890722149 -10.5728675038626
27.0011288889176 39.5695981556559
14.4664986856746 14.061693071273
34.1413185355886 38.1390913203065
-19.2939409703705 20.5532901682626
-12.6884147897876 -14.2659099867181
-10.3009898619894 -11.7274080970939
-20.9829272203062 17.5875986351287
-11.0651168374507 -11.4233089703543
-21.1056698622712 15.034177048253
36.3721299430843 39.8748169640679
38.7321235527666 32.9776071274727
-9.64197711063744 -14.7138858937151
-19.5530258305467 21.0692657275494
33.6330183638603 38.7495510563627
-16.9905861778493 18.7259838880207
15.1826317043398 14.6445074648644
-9.20431158783119 -7.08145771427792
-24.8333915528231 17.1312581836095
10.0568848750481 16.8485111352006
26.3656234735363 37.9468980043633
40.7470449481549 39.1350720605153
-5.10985894237938 -11.0307176189266
12.0311112870641 9.71980545779209
-10.2827375898763 -15.9231167684907
-18.3548750987354 16.1294770006269
24.2022796728484 36.5239255755528
23.1108324571827 39.0326707101012
-6.73544200773381 -11.0913970354647
-25.6714644955272 20.3783894353255
32.8259382687497 38.5557398771192
-21.9954879529941 17.0310888651564
-22.6958282043949 20.3288434489359
37.8155616001014 38.1800610367761
-24.298341979253 18.1513887702264
35.7938686857381 34.2048257305437
31.3994797303088 37.1741330813246
-18.7120411240184 17.8912670480989
10.7936577078761 16.9200094522893
-17.7010534175793 20.1147809460809
-24.0306336034481 21.1905875343845
-26.3250665444219 15.9007999079674
33.6862803045656 39.4698176863323
-24.7981057582774 19.6704038302399
-21.4060832050158 20.2148389258458
12.785879496006 12.8952846013319
-21.9631585861642 19.9038489745852
-13.0519374781484 -11.0331597517991
-17.1022644225677 17.2426330377554
30.2962392604404 35.5474203805193
30.9429172008787 39.4654914703906
-13.9756654674513 -12.8132656553251
-10.4872209729924 -12.4862732463621
-11.8373257078122 -15.6974733549557
-7.71328125157627 -12.6873054818794
-6.63670387332364 -12.9284358911885
37.6547165245487 34.867557098329
34.5802476714219 41.4826956736989
-7.66584957032244 -9.97173007272085
28.0387726497204 34.4564895571563
15.171524521746 11.2696072248279
7.31520155939864 12.9452391662883
-6.72199479558952 -12.3272467782469
-21.6944782897525 18.721048135722
26.5092478577311 38.9104134266189
13.3659527964736 9.91116096222988
-23.1885544863504 21.9277482511186
7.90663777590025 14.4422745623653
-23.6201518475029 22.3909715453908
-21.3655009570106 21.5742397493433
-24.3737764491482 19.5407131978417
-12.5007009001451 -12.617816745797
-4.35578000148141 -12.1273550995135
38.0656235364243 38.0340840106944
15.5845817112924 13.9786028448275
-16.871730446924 18.5388692877622
-5.86113137475587 -12.0270581230048
-23.0641877868223 20.1766590522808
9.47642676384123 10.8273949044914
36.5509365151206 39.1106601791137
32.1644288168273 36.3929949756619
-10.0916237044874 -12.7118035987747
12.8865587012448 11.9938523992736
-21.4722550311614 19.8853549061829
-8.65130800553678 -10.0552772665009
33.072030979435 39.0917495593913
-11.1178944940216 -12.5558416319657
15.3289818901943 12.467078239928
-23.9585981766032 19.5998969367025
-13.583801777805 -11.0036531989176
-13.9055281388061 -13.6019235835357
22.0273303557198 34.9728728731775
35.1825108880192 37.8121360904727
31.5438089778251 40.7261151238735
34.9421856068381 34.9774990213745
-15.8852892812566 18.4900235279337
-10.0946407505428 -13.8534886369471
-19.8128460185603 20.4000299279578
36.2213627577418 34.2862656365995
14.2655412937353 16.5462369252637
13.3501332587509 14.6323595927192
-15.5409546320819 14.8920671303073
-6.89994335013337 -12.693855935337
-11.0148854884998 -13.9851387010412
30.3307291234781 41.9217631649513
-12.7655215153678 -9.77926942344847
33.3307391320379 38.3593619538223
-13.9783486374261 -13.0141225675728
38.2918862735238 36.2230417094542
33.3332525597675 34.1872666235166
33.2586794779999 37.194970346954
-12.7568244592584 -14.5742769102183
32.2540336826907 35.5633638044626
33.3351268487105 35.4666431222628
37.717087832527 38.9214236270178
38.2989616973054 36.5743970533534
11.7254438570966 8.3274921909823
-7.32832600032109 -13.2505569475484
11.1736017488862 11.6305325219897
28.4836328535721 35.0461565748107
34.6486546893149 35.7258873420569
-18.5916907156436 19.0662470982132
14.1377228628541 8.27415041579691
27.8937912646858 37.5961525635409
28.3157163563181 33.7473026056583
34.6905173014469 37.6346112603589
25.6186324820201 36.1432063463702
-22.4303863555958 16.1407576825999
47.6668478637805 34.5979898996077
-12.1620154788357 -12.151466633625
9.96093011889807 13.6815454449754
10.6928713465911 11.5152265234798
13.6073366175731 14.1259476110546
-12.2806779844549 -13.7963450328655
-14.504256646918 -14.8696613367576
-9.84301098626415 -12.7543750085858
-22.7063660504659 19.8015187835074
-13.6370551306197 20.7215853684864
31.7580713937365 33.4411188630593
-14.7061522089941 -11.9826818961491
5.7584185211399 19.3031025899865
-11.1959300875206 -11.4517488346109
12.5247445209996 10.5787250563462
42.1711042844521 34.8367234692879
-15.3341133365487 -11.7477977092088
35.7766902413658 37.4651576154597
-10.2817547998319 -12.2651313150398
20.7115994534467 38.2835321137606
-22.5792142528708 17.5811226695123
-27.6286934883051 19.174840976815
-26.689509855777 19.168946543358
32.3235964436055 38.6315112440951
18.4202135443917 15.1116350373533
-19.9874312792676 15.699030432352
39.2561768527469 33.8942826969705
12.7469032762664 9.50885527227361
-15.5640811566467 18.7020757624741
-15.0980740281739 -10.9030108263989
-20.3673278072295 20.4875972050992
20.5779560684684 37.3289835111309
-22.866908094452 18.932828338984
36.5321365222441 37.1028257652819
34.339133023387 38.847617185697
31.8686103218022 37.9396559916253
37.2167796318372 32.8463165547471
34.2361415675838 36.0838810368149
7.4426011042193 9.03860646905655
-19.5868392484674 17.567906684668
-9.37458350814815 -11.0912519452893
-14.433109987013 -14.5534201413329
-14.8994616435894 -14.430592133669
-29.7156271173542 19.9140283622976
9.06435715578665 13.5653130118969
-11.8124765314662 -15.2062082925148
-18.6204309631329 18.8811013504238
33.2332910323798 36.989741376838
26.8250830929187 40.8470979817516
-8.14792602960493 -14.9510119781389
8.53044394141169 12.7402419599503
8.3599409059994 9.35517792822559
-20.8720061073362 19.3892251268683
27.6146468055538 37.2925959779112
24.507385918026 40.598378478389
-4.67398851812165 -7.99160821667142
13.3917366493554 11.2410909672993
10.5212448619423 15.7756038302006
34.7443572305013 38.8716015843429
-14.0372553829556 -14.0795985577438
-19.9064340823912 16.3108304922633
-16.0288355330323 -18.5808903599878
33.7430125391561 39.313607950474
31.4515850360248 35.0333555584067
-13.2528139012198 -12.2738149845423
13.2101102050534 14.5985275139595
-19.0730871125811 12.7503426578081
-22.698183970289 20.3075873642296
-12.8334650860245 -10.7512258102756
-17.986408299713 -17.8761414086734
27.4525695501808 36.2988015736738
42.6371689182539 33.6736983303787
35.2275511864163 37.4737213637148
8.31101303052051 11.1204398142905
-18.5899163908302 22.0030438024712
34.814468331829 38.2854254596889
-12.4735915629626 -11.8706903473302
-22.6634105860266 18.4382147751447
-20.3985940807784 24.2240900082557
39.8590353900028 38.6229445843191
-8.39859248330965 -11.1854360763928
-14.7697544081925 -12.4614247437809
-14.4095781003831 -14.0641564710089
-24.3110915503035 19.3209520916143
-25.2724360828983 22.4833464980512
-15.448146547359 -13.6108177736494
8.57161252411852 11.441017572444
-13.7414710330984 -15.5611622567808
-10.3080004514893 -13.7761106850974
-19.4916431184662 20.2625590280862
-15.3851516687052 -15.2304192164867
-22.4882709894217 19.0311510766226
-20.8578516707447 17.0101209780581
-14.2303237178626 -15.2273967447468
11.885530757331 10.8305357368463
5.7874374209677 13.9954461785571
37.1791462251824 37.2180918236639
-10.5010161409257 -13.2756327286504
19.1606910111082 8.74722115875703
36.7551316795513 38.8733446961476
28.6094409162914 37.2432202345605
-8.5500009227937 -13.4689550507224
7.40241572791361 9.20702759005392
28.1433684428951 34.9075942993605
-4.24796461555461 -12.6525591808165
38.6873874477257 39.2213730594571
11.5918802946919 9.75660611229431
11.2209117977178 8.6647559985378
32.3053213396141 33.5598749582383
32.9693575965779 34.2261707313564
-12.7321369408684 -12.6278103121918
-21.8914216815703 21.944882385804
29.7415392584227 35.4666511326534
33.9120616878189 36.6011506630633
39.5273401514143 38.3748110257133
-18.7403684334666 21.5407541669979
-6.01522292467048 -11.6245835971052
-22.4536191174067 16.7074857241998
12.2338984020004 16.328492487147
25.6128786415075 33.2331714861927
10.9641195518819 11.6225535166109
-22.5351639899919 14.9214818615451
36.2403904506496 36.3811560107642
32.7199485239827 36.5444139590565
-22.9814639644863 14.6685002442916
39.7871268327302 39.3872308615877
10.9430920274096 15.2358259171496
-24.9226980401517 21.9613054218556
36.8277846257641 36.8850181790919
-26.9815488438023 20.4693374726241
22.9599435004684 37.778993354302
-16.2533250390807 -14.4415629504935
-19.8163772392083 20.213517058979
-25.7590825700383 19.5802116169251
-9.70423506913032 -10.1277856134728
-9.71233756703645 -10.0653891997678
10.6299196670927 14.6334442766309
-21.1251878642984 19.5373151829934
30.1990536931947 33.2762998446709
33.0776875423919 41.6180945202709
-19.4032789816598 20.2746246273853
33.4392177186547 39.2059454386665
10.134694221013 14.4329273830651
9.03834546705182 10.9307457523482
8.83411770384872 16.3136131113458
-6.54727383530916 -9.00438102246398
-21.2371808204809 -18.5278765421952
-21.858581794734 19.1074661795739
-22.8357081602263 19.5709633962601
-20.758470140885 20.9039470426627
35.8562488292724 38.0719514028829
-22.7698308580458 16.7167085994547
-8.63894910464218 -8.23389786147686
29.1165417950607 40.1862747379606
-21.411870728454 18.4844329624023
-11.3688304447977 -15.452703848653
25.8835532199792 35.8620527350976
9.98182950340074 13.891344433109
10.5438251283488 17.1916746293534
-20.0932852745217 13.3064273377672
37.6143323284529 38.4657071947231
35.7472694440797 35.5781197618148
11.7932435994981 9.81063281087705
29.1540465225514 36.9603516985977
26.9910863601259 35.0598498127167
29.4616698286217 37.9403168971835
-20.3887428221166 17.9970460903996
-21.3385379937849 19.883951311538
-11.3401108808952 -13.8533429096861
12.6235582865247 8.52171181312134
28.5565961881453 39.6010920764729
38.1090609747055 38.4248198402714
-21.1109236921308 19.4002060653548
31.1954975831238 39.2322495685466
-18.3271033534575 19.1941873790471
-25.129808328325 19.2187154301093
-16.5644639227563 18.2014501956284
11.398290072048 10.356071425484
-10.1176586856823 -16.056948189222
-7.60144765377176 -11.970437871773
29.2767398028798 36.1380935905942
-26.6749681217408 16.6093841225757
29.7302546562237 36.2445614858516
8.9366343510153 15.5943358126309
40.4588384483569 38.8841820718809
29.5235754928796 39.9285249282851
22.2535115053988 39.0790124842197
-5.84456105593634 -11.5783246089756
9.93855597065744 15.6818463683252
37.9626360040985 33.5019902855692
9.04589941740755 12.5288056461423
24.7842654038774 39.4174129309503
6.52825799459151 11.6401587777352
11.2334312524367 11.3668093652817
28.8786214528127 37.2084124042334
33.6634464258951 36.9770541207345
-11.2831629637059 -9.1899122221209
37.25250382934 38.6861986907281
2.35745341319163 15.2728721031663
8.18964070540852 13.163722745562
29.0541521443019 37.4651675304142
35.6719258063491 36.4536561550133
-14.1327461227408 -13.7442916094521
31.3352978782042 39.7044011910292
7.42378068260127 20.044356189097
14.0687779646305 9.57362514301332
36.9968869080533 40.7298403084784
-8.18709269072172 -13.3174149258299
-17.8154616813091 19.6932001892694
11.2067387786204 9.89508985609186
-18.4778381852562 17.833853128231
23.1543451437027 35.7257025310029
31.3507806703712 35.7101923013465
15.6701734122751 11.6619238449355
-24.1640628342888 14.4862007474641
30.3910552688116 38.8796279708873
34.8283977026304 35.5122530186643
28.6446879335172 40.2016678371786
6.51746245022507 12.2230178990643
29.5180002257799 38.8673436217569
33.4804469660371 33.2441391887788
11.7481810124224 13.9446922375701
-10.3128835096088 -8.86993067917479
-18.8331724885084 15.9220085262811
-13.1830773837031 -13.9872043879939
23.5883785760261 34.0893019794485
31.3664212991272 35.1582563371553
-23.8257265007393 19.4785615893977
-9.96149607335937 -11.1726961319248
-22.5728943802358 16.6442682630324
36.8361035353516 34.4860119458474
9.56718135407516 16.9354913138836
30.0901069054825 35.5655666047788
29.7343978270948 43.2901348970082
10.7667199459318 9.78639924606633
41.7424354822856 38.0166588269017
-12.9131692791949 -13.1933693310625
20.622420269662 38.9034148009839
-8.30264673960464 -12.5946779775846
15.1979845625401 11.7701139316446
-24.311651804275 23.9971311958462
-4.92598846524008 -11.2028138490128
11.1354546053294 15.8728770802436
-18.6617951683783 19.9838657073404
33.8590933629918 36.5198534046442
34.1253212932297 33.2406807183926
-18.8880288922861 15.895335503818
31.7873038033507 33.3080627932543
9.64439048351065 16.8489630750276
13.5807959520715 15.0791378495303
28.9765686501238 39.7705259459008
29.6663417903388 36.364510620355
-22.1221284149397 17.9151243487558
-20.5731482220924 17.2559465358555
-19.8272800550399 20.0746187345716
14.5201503479295 9.22485800987558
-10.6368412212444 -13.0960281388749
26.747078976686 33.2511721833291
-14.4107253204843 -12.5186893257034
-14.1501216731092 -13.5495169456269
10.556682511657 11.5338522145544
-11.8695529147975 -13.7311797256904
10.6304287035709 13.8222884897511
13.0821297465441 12.7154946021268
16.9667704791323 16.4245647391298
-12.1361687345918 -14.6209774665189
-13.3974757542544 -12.9957469860611
33.2703746773925 39.1183504984071
10.0528317734723 12.8281663960762
7.35004197299492 13.1975962735648
-9.12430075878065 -12.3692538683251
36.8379390123946 33.5706114484555
-23.7108419862472 19.7932557928455
-15.6265647049298 -13.5033004357557
31.2165139396964 35.6588392788675
9.00095307283393 9.20952396396761
-8.97552221536935 -13.1104971361589
-17.6525034005324 -13.2816852353761
-13.0479760713285 -10.7485797499341
-22.3839412917473 18.3846787169975
7.07488747468665 13.5183590363279
24.4139582115163 37.4435120911356
30.251812115677 37.4176345802661
29.5700701643693 39.7617424765622
40.4725590438881 39.6422649944952
-7.39848507684934 -11.10074845549
17.2034425955582 8.76406435963693
11.2775433185457 17.2701185696632
34.4824143926234 38.1805808251386
-23.0408908236716 19.8606316203346
-8.13228999712847 -12.2584973656189
-9.71593633528151 -9.54467487024012
37.6078068215065 36.8356467791983
-21.006673939781 20.3243763703645
-21.8258502190276 18.4798302069004
27.8691307713217 38.659657101592
-23.4568445480564 19.4816953154757
-7.52055465981735 -11.2273178559735
9.47303885238621 14.1133241310905
-13.6972207976559 -12.216267985233
-14.3044322447812 -11.2890542895922
-17.4463256542434 16.8903079069622
32.6678137543518 37.2506232769246
-10.3715877170278 -11.8581832589039
-22.4017893222891 19.8049579211472
41.7657183669448 35.3062418128922
-9.32784361353344 -10.0584945601578
-13.0745514614364 -12.6994533409487
-17.6446548091271 -14.4304249224617
-7.00163920704691 -10.9038067820239
6.55644445548047 13.9662516747689
31.2400097435573 34.5672884696196
28.7802040949257 41.3518032005989
26.4542762376218 38.7286562168546
-20.4285770384778 18.9898173092603
38.1573203709828 39.1256341149604
29.3461433037647 39.4760719033421
13.6071487397372 13.2464032348203
34.9562614940768 40.0521573938183
-13.8331290878588 -15.1633708978192
-20.0541701341296 17.8335978567922
-22.4609159591688 19.3552419573687
-13.0712335434853 -10.9937386389367
33.1782040212257 36.7408218655191
-6.04735892752754 -11.8825188655379
-23.2025336598412 18.3090014117804
35.7126063217732 37.012941344724
36.8255166719044 38.2889575867231
29.1599058349851 35.3423150664565
28.6861105076868 37.1357826127472
13.4477170847806 15.1407039149122
27.1876550154792 37.5706901130621
-5.57710953763105 -14.3342484843296
-15.5257584832526 -12.9119007640499
9.84059733906414 10.6902018723943
10.0094269200463 9.19867954392944
-26.299556249163 17.233453801945
-15.979947499108 -13.1635792182024
33.9405710171833 38.6117472044189
8.17637084607145 10.0994573022494
-7.27357059461505 -12.6151780034616
31.7956691801151 37.9009520921179
34.3048347189704 35.7123665312797
4.77504206951704 13.065491884237
34.7995436883845 35.5645752155038
-8.36301158880854 -10.7776616029167
8.70801615706441 16.3030005126848
-11.9054482990188 -12.0353079625099
-12.2279244312879 -13.355073183247
14.2887732985481 12.7364612176548
25.4422987646136 37.4853692621816
25.4578312753485 39.0975713150086
-8.15045542909989 -11.6197532923326
-7.10262237193073 -7.63834016413832
-19.6690609707473 19.4768864397843
7.42612261083552 11.4760829997378
-24.1419518199223 20.0769137345853
28.6386956153214 32.7102391041824
14.3113500381511 5.10308095989999
-8.01633070307799 -9.5819497719473
9.60308572751561 11.9462960960846
7.06128275788175 11.7729094591979
-23.3605044730436 20.8828579290919
-13.4650361721057 -11.0017308844319
26.9475628410366 37.4324881385461
17.1824191762874 13.1623641015964
31.6919687561377 39.8393009179586
30.2318626425348 37.1497088136669
-25.2896585675762 20.2319577824918
-15.857498429436 -16.0811188265967
11.9276494387745 10.1758811593765
24.2570031107731 37.2545345850393
-6.69316815297196 -15.6600771365316
-13.3443464330061 -9.89802938495984
-23.814019536643 18.004431605977
9.88672062257432 11.3351211618666
-9.32819270042893 -12.6498969629035
-18.1466630479246 18.5494233180437
37.4806722861516 35.6086663284525
-23.2076846064657 19.393491277764
4.78311836522045 16.453315765222
25.1558660045879 40.760694336138
-12.0110132965141 -15.2998523838129
30.6125227354024 33.3942940284075
15.2720762102476 11.2607826843715
-21.7479143612679 16.1375390097958
-19.6711931470758 19.6612931405165
39.2612957460951 39.7957823982711
-8.34072960044574 -15.1822306791263
14.6755258178575 9.54989923187706
-4.5477025798272 -13.3658459077725
29.7715178485737 39.624600199581
26.4147458233817 44.8218952301826
-26.8821360029794 20.6503447306016
-25.55956367318 17.8245416296383
5.27121530503027 17.3661024681446
7.32449804754747 12.2484142614357
-23.5893139505285 18.6861853466138
32.8783844997113 33.9795917674283
-7.79002832919785 -11.8925898962566
13.335048325797 8.73527234174725
-24.5382703908886 19.6730014697352
-16.1505980425118 -14.7550068887868
-11.6666521002504 -11.9605019405256
9.13524602677796 15.7718438098381
-10.705373568702 -13.4955888560864
9.71481159598383 10.6363487222596
-3.86390652704895 -8.6618519955382
12.2280796918976 8.07200643147481
10.9199185679143 15.1923196946088
32.1797351274055 37.4952724542817
-18.725771920706 17.7866616334914
27.7380634451402 39.5048745771241
-14.0328742504609 -15.8076146939189
-15.2746541463772 -11.5067178280335
-18.300447385122 17.8355694851368
-11.1379150250173 -16.0744854135532
-4.78823167527604 -9.02078908376423
-23.5585691722409 18.3927534683708
39.757868972581 34.6243251991957
8.17401489068868 8.84362424287249
-11.0944865436678 -15.0656699975881
9.80885779108064 13.1527152003739
-5.09010798818502 -11.951917658048
-10.7003347539354 -13.7572781809555
-10.6973252841693 -10.3409454679903
-21.3235639710186 19.9990544513225
-18.3243314755176 18.3863571771877
-23.5416752055022 18.261857664708
-14.8762249035629 19.1688154399019
35.1464476313486 32.1207791159217
37.0628641124066 39.1439915929823
-6.11708975669126 -8.7919323143655
29.1534320702086 38.1012540071118
32.931702860185 37.7606796907608
-8.68263798589215 -14.2323394717969
-9.98036532844658 -10.7060024521403
-15.7805689794367 -10.4372395428662
36.3230899786899 36.7363107956849
9.4512388436213 6.42249577026273
40.1169801790605 30.9519560771272
15.1646942697831 14.098327970718
-25.6444702796441 21.6485377374407
-20.1251534084184 19.1894274729593
-8.06643692027536 -11.0826788185649
-12.288409301605 -14.0223808362323
-23.3227332542794 16.9249052676442
38.8067253760731 36.942267335029
-20.2508415076506 19.9238621222372
-8.98359946849946 -13.4013640987899
42.7440568902763 39.4601187538429
-16.9338109775602 -14.0314060560704
29.9634112994873 38.6828697288494
32.278365661902 38.5006451189998
31.6847830529636 40.6900573533471
9.27284131996144 14.1026497987104
39.9514418822138 36.9387547449767
-11.1407578887006 -14.6135422271256
-21.5058921856311 21.6799357475826
-9.5448124289329 -11.2000241121155
39.1495583291782 37.2721625752272
-17.8414504943338 21.4935068864229
6.41622468263345 11.1475256415512
12.3803706840334 11.570082647986
-23.6766663022333 23.3221784428123
-22.4724219112263 20.2211308948576
23.6956776786161 37.9660794249313
-20.9189151371952 20.4845931026987
8.54199312834598 11.1494984894019
-9.0484229053753 -11.9901444428937
32.1068770112579 38.2908546125326
-21.6512023278325 20.5053331290158
-12.603877942954 -11.6060492779559
28.8468024082282 39.7782809202999
11.8089801301745 11.0163768190812
-23.4490080418911 20.8813777750535
-7.24774914266476 -14.2077126750948
-12.4920038245996 -16.3233872173774
-10.1525238645911 -12.8160922210185
-12.5123599120421 -13.2760992670123
-22.7348242578313 18.4776345002647
10.7510260189112 10.0032463189077
32.6365771724399 37.4050223647703
9.35227229040254 12.3995768270955
-24.3698028361915 20.4567907751251
-21.7608760857421 16.3676429377111
-22.8005919989352 15.6099651749662
27.4302745957371 39.7206488087063
-17.8533073476071 18.6802772235346
-23.6135183904627 19.3669456699235
-21.7679440151814 19.7015768417149
28.0071788891257 31.7216694094398
10.04098308061 5.72419795465924
33.2332104129445 36.5499512716578
-25.6424631015093 19.7652583920511
28.3620497001935 35.3265394099333
-19.8437063624237 19.3101767468139
-23.5945858801269 19.613680653907
-5.8128754252266 -11.4179543618695
-23.5605598617259 22.9416883255931
28.7308523099043 37.3374746628295
38.7815258254001 35.2131989195946
-24.0509807365907 24.7561012917395
32.9545600393534 41.2762192608778
33.2001608510074 31.3634290097966
-20.2822395963542 17.8736454977257
-12.8798657713886 -15.2366289999633
33.4997358487112 35.5677843807053
29.6828390175427 40.0752780597237
-24.3472229175019 15.2101856831075
29.5407384219162 41.7691389276539
12.2575663995182 14.4303006619977
-29.1489581329808 18.0628280142849
35.6937631742384 36.2105929573374
30.6382213051303 33.4914025398352
33.7409533339866 37.7603149026851
33.0980261677737 38.8804561081821
-23.5109001649825 21.168629471189
29.1483794357715 39.7160835040636
-21.6171082462189 23.7432084972206
8.38330209751122 15.0796516133414
-12.9130424771262 -13.8114860743727
7.48407523978626 13.3574057858589
-25.2523796462005 20.6829772955188
28.0030448736578 37.3007931792562
39.6855416979948 38.6429961414652
-8.789379342622 -12.0228308447538
-14.9139646865545 19.067068895655
37.2149893004549 39.1620568184613
-20.3883515643769 19.1424811188958
11.8517793815767 11.2499758193444
-15.1641368947201 15.7137241792494
25.0716609968356 39.9609441713366
-6.86475318081993 -9.28788405704553
29.3530479168936 38.1339885337875
-22.2658834481559 20.5497181813149
-10.8845294940896 -12.3886396071427
15.6522204541051 8.61297879934413
-13.0840497561508 -10.2968769234004
14.5452842823465 13.4319890565687
-23.7294204562591 20.4832907932674
9.54833570080475 11.2580440115828
-22.9533311226177 20.6388793633954
-22.2819460391993 17.1144068812242
-10.3357460418253 -14.1645508585388
-9.30151001144625 -10.3181399103389
36.5685748175298 40.2426238862057
34.5434270183265 38.7410630701307
-21.6071327819648 24.134155961348
41.3941362571318 34.3294743475831
-10.3337482940941 -13.3644036630698
-17.2853734864483 21.3292109019272
28.2976425954492 35.0941544899481
13.4068881610494 12.071835081816
8.4022996577961 12.1729897814513
41.0698214816558 38.9079956331481
-4.24871839738267 -11.932168519269
-13.163573336789 -12.5606388270392
30.8606662651829 38.1983236294403
-8.36333371638716 -13.0681854256855
-9.19635297250664 -12.2864865904629
-10.7792810651499 -15.7402668429476
30.0319273983389 41.7396405004627
31.5110649438254 40.073576323059
-13.5673037665159 18.2139398372831
-6.95381065327903 -10.1349934694295
-13.456991626902 -13.1063675802865
13.5786025597919 13.6615003440713
32.2172366155586 32.9777555866766
-25.2397182442488 17.7012524570938
-20.6777703342094 17.722646964394
-8.14161276458008 -12.3065920581347
-26.3632594968245 16.8476738690006
35.1368344519872 32.8569845257143
16.6242392117012 11.69391470811
-23.3561655321195 19.2146037761665
11.0034886196854 12.6571556984806
-10.5413655258975 -13.6645520379627
31.7645558851424 37.7315711541022
13.0349933284745 11.4043715975165
36.6131009842571 32.7224419074272
-7.56259758553661 -10.7478310376535
-8.03318600950394 -13.3772817738697
-14.0882693500691 -15.5686382824369
-12.5815414283652 -16.7988777695306
-19.6390254090571 16.9264192320953
-4.48314136851195 -10.8965360103489
-23.4959936579857 15.0500076381845
-5.35796924580776 -9.31113291326737
11.418866019186 13.5098428952186
11.6752944532497 10.7545078616803
-9.04475168003992 -13.9041799831328
33.2503621540156 38.1830993117944
13.6489995647719 9.79599165053809
-14.4346656546789 -16.4103854630779
-8.1366596606061 -15.9442376211977
35.1366463259291 39.411852553523
12.3067110614235 14.1989566133366
-14.300602355542 -12.1188260613789
-21.0445866285892 18.6737294944901
-11.6808688992311 -13.8124322857727
-20.6034472175207 17.7808997747317
-7.54869554158585 -9.92788823059586
-14.7230387136045 -13.28584887978
29.1643990515637 30.8336674514148
21.8221297618374 32.5597555693115
36.0444515664055 38.589280985397
13.3000647311734 8.03166533665521
14.0490971980964 9.42914187880886
-21.0204485587957 17.7675979195683
-14.9348338284725 -10.1717681904786
11.3892455892948 13.9252124166146
33.4779796243128 37.9016814659418
-9.35968436151068 -13.7071426715684
13.2937802955114 10.7197977458654
-19.9563504319329 16.2529523097744
-14.3171224971043 -10.0945109900029
33.4860624368219 39.6532638320247
19.6396957623959 37.1873489776305
-7.70494763308262 -13.623767546117
-11.186862556012 -11.2216337291942
28.6509932971156 39.2709795309361
-17.9380371062455 -15.4579623925532
-11.7916922818544 -15.8641355567798
-20.4571784188538 22.2820982756403
37.5468440229327 30.9884724105743
38.2519741875608 37.4015417214608
9.95745106688708 12.1474951001268
20.2888737991111 36.5708944904464
-17.3825657022034 19.3898922216075
34.461924922871 33.8356419330096
-8.83281511576474 -13.8556206418174
-25.4222454374936 17.9294564765051
8.25313156461742 13.2087836382301
-8.20781329835224 -14.8980806729324
8.38858494638522 14.7907269470054
-23.2483811034736 18.5111692157278
5.57977909702874 18.2214884474351
-21.0392369436025 18.2513117059364
32.479451957881 40.5894971274006
-12.6512617264725 -13.1114232569477
-12.1584126636448 -9.31093796651985
33.8923134139032 37.4362631760544
-16.9843811082299 -15.2971542146647
-11.6974896521128 -9.0037612759404
-22.66513861255 18.0291656151982
-9.48474871884816 -13.9344963688036
12.9373863052338 12.4095678903673
-10.8729925055137 -15.6567272124254
-22.5110429689691 19.9877304760875
28.0626450434083 39.4922765420293
11.0573901586264 9.62511795957521
-22.3151139137011 -16.8166429696242
11.0311835405137 12.0885835072377
30.2815694171428 39.3762459471879
-11.6646704260359 -16.9973041643416
9.65360015081722 10.828210783895
-23.8903196340269 18.4555776655291
29.6165491352388 35.9872682002203
9.93699481330668 9.93921959720807
-23.6816259547489 19.6854560500115
-16.5717403554459 19.8792149279248
-21.8047017216403 20.384799572921
24.6240763154983 37.3979899987047
-12.2804431004898 -16.986259230803
27.2282618902286 39.0236089861576
40.4568911682711 35.4367265459345
-7.91228749953126 -12.7401920599006
-8.73523636793407 -11.9306408099541
32.1023534053441 41.8409143757645
14.2904261865505 13.8231907444516
-19.6079024387902 13.6678409309797
-11.9000387197565 -13.8244653284563
31.9083982628679 38.6887751263376
-19.2217007132815 17.1074419560074
-23.5188165607774 18.9055278531455
34.5647205521714 38.9734038846556
-17.9385327187193 -12.9994351919406
11.2151911742618 15.2780714755183
43.7891595355927 35.1688328712637
25.882486316946 39.0805587091866
-20.6393195147228 22.0841577234574
-26.1704539857315 18.3034954554925
30.6497075669348 37.7344813352438
8.0420729122349 10.8059750923476
33.2910750866583 36.0691546933932
41.8651823005142 40.7745694546497
-12.4616065005944 -10.105755280037
-16.9926887837253 19.7956163451549
-24.9663891305126 19.9532086110015
32.1218254177878 36.1790015005839
22.9394155312083 35.2727540621286
35.1769237184095 40.9400981443601
27.9368969763007 34.2562053856779
-12.6158581258964 -13.9439469989891
8.5274995836409 12.8429964332367
12.035336694309 15.213685220239
-10.4077711192667 -9.59891869210782
14.2629749710763 9.3988250568704
15.897594996026 7.60196136782116
-14.8093838073325 -15.9933142039715
9.41399885463269 14.1318445885214
-10.2237783226875 -14.7280692975497
31.7429367929502 35.0508490960294
33.1610028592737 38.7673916781193
-15.5009548703628 -14.5269399859223
-4.49053445605459 -11.8286177719715
4.91148590911961 13.2392337243579
37.9733649523758 42.7698628380956
-15.7624576860733 -16.0389031510445
14.592055626156 11.2957341840135
-6.40765098656938 -12.3085409041645
-17.8277666511714 16.2185861120157
-24.4125304456043 13.2721780657168
-23.1474657321603 21.7290719728153
-12.8512266702332 -15.4211107624433
-3.22121048014627 -9.11818953501164
-16.9816896390577 -12.2630231367554
-11.28405873646 -13.4792603450587
37.2576579160861 39.121777380737
-10.4798219856665 -12.2743424516799
9.42915888160833 15.691694816874
-21.3941155086824 16.8800580827046
27.8969495624497 40.3128009996734
37.0532864635447 35.3968330451344
12.7211219084283 14.4648905479925
-21.203913716047 16.9214315899448
35.1967608430561 36.764112209788
10.0418076550721 10.7107688373222
31.825166831573 37.9040239329414
-23.8724485869058 20.5912086722135
-9.97139573068106 -10.5138952292672
39.5539335211931 39.2278459094443
-21.9842161695077 19.1835440776842
22.6937919882251 36.1787461808679
-7.12798800873935 -11.9176857096497
44.0168601312721 38.0345652541698
-16.48170277258 -15.755640988509
26.7151556421673 37.6694625636102
35.5190169724785 36.1024247307934
-10.6851692807313 -14.5478300915621
-15.9515570996318 22.5140202452273
-8.70831354845221 -11.9440715001775
31.4438547722913 36.1462730905975
33.1443761638964 34.2226965886761
33.3098646433971 34.2211056275683
37.9431662029483 39.888903166854
26.3356891601924 35.5624002084034
-1.92528164805415 -10.2723549276099
31.1936909164282 35.486762832604
-22.768628626678 17.9364703155803
-20.110349643789 19.657894788596
-22.6061440578754 19.2934623008546
34.456197614486 38.8176766752425
39.7191105814561 40.0808603268551
-12.6253776161439 -13.2387578378565
29.8548777907486 37.4377420571019
29.9842199529009 36.3021848739804
30.5355039521363 36.7402046399983
-8.63458897645621 -13.068713689724
-6.84291020130637 -11.4536419246198
-13.8306508933357 -13.7631762344658
-19.6250816131059 21.5895891919069
-23.0546519450728 16.4801785754799
9.13789394804726 14.0025698717935
10.996504123895 16.3730714703789
-9.81156240661258 -14.2243055572764
-8.01580634129112 -11.9808448732322
-9.5100758641033 -15.6428722600598
8.48708690491642 9.7235128034204
-19.5689287077638 20.0230209936463
-12.8582153136095 -15.5382929493286
9.98235764842069 17.5544990497717
11.0590767516137 8.86837407936395
-23.0489131817708 19.1547787708419
-21.4565325262216 21.2083432275159
4.66157505286338 11.8997252743051
11.0685214903986 6.59678990026365
29.4902027830761 34.9733776740701
-3.06305153267858 -9.48813480996616
-20.1382180045526 21.8204865225365
-17.0769237787046 19.912226748081
30.1894410355711 36.0281079402331
32.2540214764264 39.1995577251358
6.78298386107766 16.632932183025
33.5509256204683 39.2715678134393
30.444251476358 34.2547074227983
-17.8369607333733 15.3588992184685
15.2831490272499 10.0985279127391
11.6429436889008 10.5627986484714
-13.2802424568759 -14.2673323872699
-12.7340702768214 -12.8520744536905
10.7735291191578 18.1079384995214
-13.0668544509434 -13.7859775733105
35.7991413524017 32.4882044171489
-10.5148157732687 -12.4140982616083
36.037883865299 37.6585583770651
14.610171742787 10.8072578642716
31.1416044685381 41.8173140065228
-7.67353834964759 -12.5710526809715
12.0586561035404 10.9549770336252
23.5434756277423 41.1201860031312
40.8853003690032 35.3548698842886
-21.1699021581935 20.1889844195593
-20.6762110120069 21.144788511355
-21.9996489846702 18.9333633029093
-9.20690260175731 -11.0307947818513
9.26209111347505 13.5658738577559
6.30737421350717 11.4544460676893
-7.5402270834281 -13.8639429865003
9.26637906224591 10.6350664382104
-17.1670304653518 -11.1498294633655
-11.6493261551199 -10.6044910181983
-7.12317529580639 -12.5137823165544
-12.1521830335229 -12.7814663398297
-26.607356825758 17.0092227295537
29.2088964372189 35.2773632565665
7.63146278880246 15.3035513611466
-21.1113935239175 -19.5853003193403
-13.9739563677959 -10.1058473477871
12.9479380350006 7.84307533509848
-10.4782346935704 -12.8682006547213
-25.4398424497938 20.5065403451934
16.3997287353695 12.1835093795876
35.9982841073458 37.8857474727619
32.2100549421281 33.7371499021923
5.83388020848346 10.1632096129102
29.6104061076004 38.7678361549288
-23.26755843088 16.5652781502777
40.3098761719702 40.332661799941
-9.41101789471931 -11.6461731439429
-7.67233288037932 -12.217618279798
42.0750464086125 41.1290032661733
-23.0073631644881 19.3055229669965
31.5159474699149 38.2297319427625
-15.2295906889547 -14.6076977189407
-10.8814248148586 -11.0897568657702
32.4623098093796 36.8656581852998
-23.1223915615279 20.3051417923632
41.0772440800489 40.3440276511923
-3.40705659772521 -13.4682038622398
42.5547577758965 35.7057161816366
-24.1986730841694 22.2531342278452
34.1151447181593 36.2680058742714
-15.0600299092757 -13.7064126148295
13.6236345676122 14.4973314352307
11.9421167743037 12.6849302190699
-12.5873347467636 -10.5191886466279
-3.4271907244185 -8.2303412658506
-8.51999511582355 -13.4325808633638
-19.981322534173 20.3231541996858
-23.338608722816 20.9074887188607
-10.4745681886555 -13.5538842688207
41.5331343395022 34.4590700187806
-19.668296009572 21.7096199497238
36.7390590637921 34.197363425977
-14.6736665738153 -14.2408556951099
-10.789123958946 -13.742561870445
12.7434325520897 7.55191566673212
-12.9821627245264 -11.5274937018451
28.928050609642 42.4426623779282
28.393283498638 37.1195547298911
37.6674842320657 38.625929662204
-17.7412654863843 -10.7544281322501
40.4708851915571 38.6692786444377
36.1760457549969 34.2229449994879
-7.57911538776985 -13.4653736724518
14.2226283914444 16.5021929264284
6.63821442483288 15.5462281561854
9.3279563719771 9.59156211212008
-24.2751448682509 21.6617475561711
-8.92084858207331 -13.7725255383884
28.9898281395409 41.525071528614
28.9100360202695 43.1559715853838
29.6319077943392 39.2965626794763
12.0912568012751 11.0513811626621
-22.0627500165394 21.8309138565426
-26.4623390311165 19.9921842426811
-21.100074255809 20.3022532340697
-18.6085358937266 -16.1892830226659
-6.923160225025 -11.696189757719
-4.77302671931621 -11.3309122767112
-19.7426108765802 19.4562691936611
-23.8521355419422 19.5054357946907
39.7922371288818 34.310682101016
-20.7949770504636 12.9267785574038
-13.5175093794542 -10.7864960759927
-9.2613478314813 -12.630135618492
-6.16522197423834 -10.2585723362485
27.0112303717476 36.3242410978499
6.84784415371035 15.8855321809458
33.9260334129114 38.893918909633
-24.5115983918769 18.3053953012841
43.213465141723 37.9487790969865
33.0171335397411 36.7190554850337
-18.5232103752679 15.4851809076047
-20.7305368540831 19.6898723271044
32.1552466829751 35.9693040076724
33.9717445970667 38.3890471548768
-6.45329396839619 -10.4337283869372
11.9218056144602 14.5278758362433
11.6444102587315 9.96810670380523
-15.4129852208731 15.6718887099394
-11.5768606734036 -14.9523958611692
-7.27523546154099 -11.2462412764693
-22.8074624322877 19.8705579138398
-6.59983197152334 -13.5129553497847
-9.94591240483152 -11.4575543208216
-9.34520232103116 -10.9234717800464
29.8156539584995 38.4097131260342
-20.769448690715 16.01756036741
-8.47878778107065 -10.6851895229324
33.963957422546 37.3637468431184
-23.3373550129331 18.5827988204242
-21.581113627443 15.6298033424145
31.8295821391487 35.8892389485194
41.8821472395382 34.6112068226354
-7.040294005136 -12.5726333530666
6.47366206349369 10.4718357133232
-7.4972876266209 -10.6345593224816
10.7178425462669 18.7763385494792
34.7063746174033 33.1327711873097
31.0700512605252 37.4556469417001
39.9460658149224 36.5097329415911
13.8318053427781 11.4287767643252
26.7085674751083 35.5739413810155
10.5694600307555 13.6018427727244
10.3699058001133 10.0828669970204
-27.3773905088955 20.52704337471
-19.0200753334237 18.2395890100594
10.9653523394346 11.7571617998711
-3.66245540939877 -8.44820412504961
33.9479517706186 38.7142893678244
32.455418284619 36.4380682199867
-13.1689359247874 -14.7614068726873
34.3666600405534 37.5078094499125
-22.2283088377952 17.9100322373194
11.8499101024055 11.3325323600568
-12.1256217331965 -10.8333045229405
15.7909416235485 15.1613457987284
-10.9784775929419 -13.6647513541274
31.1498636302694 36.7368920899447
-12.6017663813291 -8.53716321645322
39.0191213797978 34.0580885517276
-22.6899299291912 19.5953410006486
33.6413850993314 32.2152401745496
9.01439238580707 11.1081854808268
32.9769052560224 40.460094029327
-13.4507035723157 -12.9106152929894
12.5238513837075 10.2963382393919
-13.3544207287397 -11.5722155419303
37.3378215359566 35.6223327806323
-19.5740901469812 15.9875333742705
-10.8318125397772 -9.68445400252235
17.4734785906206 10.1025927609577
24.989030795868 41.2616706708789
-10.4376779443572 -11.6271489099859
-11.5176350571505 -10.4344955417209
29.1830905558889 34.5070837171914
33.0057210091187 32.1577280366632
14.6994517991299 15.7230861058731
37.3683807298379 38.9096450522111
35.9775000741108 38.8394309129527
37.2016877802729 35.4058771742764
34.6379831073683 33.2669827627918
-12.4288433422725 -13.8997680147184
8.51906020132826 13.123311433802
-7.59768824869098 -12.1072502580132
-11.6620104059405 -11.885016798982
-20.042630777266 15.3664716782213
-11.4738704355166 -12.3628830075026
-5.05793488163481 -12.44090461651
14.6469449489086 9.44166235313025
-10.5714745549675 -10.1481497348283
-17.866090539264 22.9363756889528
30.9460431312063 39.5111090645347
-10.9055799297572 -12.6027559383018
-20.2541288512562 17.4888051994382
30.5977149140018 39.9588125871767
-11.2569502657478 -13.9400329322973
-24.5051677650379 18.7075641162137
-12.5458320194989 -12.1767779587778
36.8224508704986 39.6172368285774
15.530506509476 12.9225741056384
34.6071692078979 36.4810974686242
32.225116017452 36.4840718945779
-9.68549512637253 -8.44568356569101
6.75963118638134 16.6605660699856
-23.3113640245138 16.9452927081318
14.202246145062 10.8043723357797
-25.5152031246213 16.6759931016166
-12.8850292732649 -14.5607835325488
-9.72355500720879 -12.8056579392241
-18.325778973485 16.8900720256504
35.6097219833109 35.8594201332638
33.3659376382384 38.0617481071576
25.0610534766378 42.0172681755918
23.1121887937724 37.5097164216293
-6.81621627932444 -11.6252871924548
33.1567991326857 36.6780220213712
30.618815283899 37.8939904301586
24.7387972048805 37.6435373923321
12.0194416049328 11.9871153790528
9.0641560830071 11.0859308859584
-20.5205101983122 18.4206747610409
29.2605834279574 38.8561638643018
41.1201263084121 35.9422526398516
-25.8885901110734 18.251269838355
29.2906700072023 30.7597046887307
3.56456829231634 9.25232888174691
-12.4780232423597 -14.803067590189
-13.9301862582709 -12.2114337607308
31.7884386930071 35.4729388164911
-20.0946145195874 -17.3412392866644
6.49055831607856 13.2803772827306
28.1370197649204 39.4444058206004
30.1536993146029 42.7014320786535
-22.699233882743 21.4929935904016
10.5065115988758 11.8869316396212
36.6533071209371 30.5764439096294
-23.9976524567417 17.678759464945
-23.7521869836717 19.084831417075
-14.59094392202 -16.1790960013238
-24.5678502805686 18.1571772927652
-17.7631538130101 15.6536813068828
-22.0942053596508 20.6213374292678
10.1354010027071 13.5265535312484
-22.3500543954979 19.5283304968099
39.8131049572926 36.8806496076007
36.5532890552719 37.8399680558397
-10.3810649540294 -15.4889324609642
27.4308613317708 39.0143848218573
37.2671476377352 39.7897747691701
38.2995067633798 32.9172724169006
10.8631335747789 11.0829849239555
-22.5800016932454 19.8114649126489
-16.9240609235139 22.6742213221312
-2.63681031818724 -10.440754454282
29.2277988157549 36.7080014142343
33.0448847369886 36.5402359363986
-9.70242801332056 -11.4458646758583
13.047759646238 8.17842277315091
33.8584991831 37.6985668359053
-20.5348123017313 16.6528351382106
-18.1653340430092 18.9548447298653
-22.7469365210522 16.2929141266646
-4.42630520149615 -14.1946658804273
-7.91396662304054 -9.8198050145186
-8.95685174730058 -13.9225049400403
-12.2740214581244 -13.9904717355025
28.9851890222658 40.162266733245
-9.11472876466298 -9.7506729411775
-18.1344163683965 18.2661557872835
13.2871421977753 11.9959795875739
6.83954579450453 9.03991867795531
-9.26817730537328 -13.6235668126725
-4.04885837566326 -9.38364493095828
3.26358701087427 16.3931021808351
28.7689020346607 38.2910517640436
31.4613411094592 37.3797731098756
34.6825372337104 39.7633303621181
12.1098648266723 14.8037885552462
35.4405633159771 36.1551417023918
-5.55272054116501 -14.1636739058531
10.6789696763685 11.9625792301787
37.0088030001355 34.6798182858794
24.5834025948625 41.6194010173358
-14.5267735451834 -13.7557603667516
-8.51074563668799 -9.93633097725341
25.019004172397 36.0179081299114
-9.31672930715706 -9.96763604866577
29.2943236082121 34.5209517792664
-9.19141985271845 -10.2525690169413
29.6884198291304 32.0291784964691
-18.487085011094 15.7924237099423
27.1795603316323 35.6759685500077
35.648277766751 40.3060720973507
3.10409185482769 15.6501828517881
-17.4518325641451 20.0843048369164
-26.3510106689379 18.0072088739736
-12.7356368142496 -13.9110458164712
27.5903460137059 37.307123084393
-23.0894166207215 18.3941659550381
-5.11503568067954 -12.2968046440006
-20.7192052406637 14.6804198934835
-20.5224765784029 15.6478188508386
37.155077234917 38.3001516855315
10.7535654030408 12.7073390554632
5.88419560962233 14.2138325501558
40.1883387936503 36.6823854163241
-13.6271910277928 -11.9618141321931
16.6875554812887 37.2914977234493
-12.6347493867196 -10.1586129274397
-11.153580673941 -14.9442617221288
-23.2581824098648 17.0788586727343
10.2378571061193 12.446772794036
-16.5418972129565 21.4486498420674
-18.581088530233 17.001024163487
30.7609595330531 36.9685339045829
36.7687610347037 39.2132170731164
18.8881441295444 36.6683586318777
-20.7383834385384 17.6267557939788
27.7180386300122 39.0073054095007
-18.9272487008289 19.7810345478457
34.585074581572 34.67027280727
-13.2956142720672 -11.4685531920307
11.1437624422455 12.9342086918069
-24.3509690282644 -14.7337093210068
30.5918855157967 41.6345702960757
35.2384331105459 39.2353227132759
28.0320477083946 36.0372609054927
-18.5890984261599 18.9684834049402
34.3894876998374 35.7771103205117
4.96462210525396 14.6137065522015
-13.8868992740117 -11.1722511118757
38.7546766772321 38.6158580252874
-20.737889742789 18.6885804647854
10.9712403806724 15.7120760703575
7.43884261192863 13.6915601750499
35.4886607560659 39.9925278103779
23.9733518018638 34.7811212832703
-13.4466715862976 -12.1249814354763
32.475290249692 37.1562118000932
34.8909437677598 36.8113517681377
-13.3897295168715 -13.2794098531749
13.7374373482238 6.14689620563793
29.2500700317604 37.3962329920741
-23.5998333624188 21.0902220805242
25.74227221519 41.0525255688922
32.0092352373843 37.0456335909574
-14.2486095715273 -13.1677288852685
7.36582574345413 14.7073502161904
-7.90369418102762 -13.8541432830285
7.59097389813166 11.9121669592009
17.5328452479722 11.5815417797356
35.3638483222403 39.2742390165776
15.3221463951978 9.63064779752883
-11.7903587937548 -9.54465190015133
36.9581478586129 37.1196786134822
27.2496713191504 37.9435109162879
-14.2127704684583 -16.083905113587
-11.1059038421234 -10.0328797803249
-23.7705613915257 16.7082360992988
-8.33539121642002 -11.9055970820002
-23.270050038115 17.5715688837662
13.1835886060821 18.5353080599701
-13.3664775030876 -11.478443586215
31.8180902901354 36.015038430188
-25.5014916722969 22.8158966845272
8.28536727445518 13.0663310016647
-13.3164590178542 -14.7141462841407
32.9804555602228 39.2478526636621
-20.966299227068 17.3518180572996
-19.2117955329543 19.2507753982642
-15.1867749328583 -16.8498971563696
11.6296575872109 11.6518637758998
-9.8606419070923 -13.1917987980793
33.7143266090084 41.9369901452818
32.1506808461442 37.9301649578404
-11.0972072585654 -12.7540535449292
10.4142555448299 10.7130606021524
-4.95947387904392 -11.3595151736389
-17.0155210143057 20.1519861690535
31.4690982098686 40.7272143651294
-9.33989441546951 -11.0681577256514
-13.2285343846379 -11.4780113786173
28.6683731885867 39.8813629396373
39.325941600169 41.1569260185572
-14.3487455891509 -8.39314219041505
12.8983198566706 8.24547807932901
34.1148641472621 38.9897850687909
-18.0182994812511 16.7815359212101
10.6833410822988 10.7603174193923
41.0042980997174 36.5530525488957
-19.6916789897924 21.2850220526637
-2.48442222730217 -14.4344819698925
11.2039462549036 12.6798065595955
11.3871754328083 15.8559806981841
-26.8652390017544 20.4568011517296
-24.8101220115143 18.910067889899
10.142510062541 11.532053897886
40.0528150805967 30.7846631359766
-12.4057395519965 -12.1045356900692
6.83214151564673 13.3609717898309
-22.3122631787993 17.552790324611
-13.1927274588437 -15.4597954975976
12.2404217045315 10.422666137578
-23.0296608537173 16.2277682472676
-13.0112231453656 -13.9086573463097
-20.8359764561604 16.5203564887657
-6.9257085449118 -12.5342104537109
-5.50967502182544 -12.2004968832647
32.0410593336971 35.9117177251229
-15.1221619300054 18.7646824899486
-14.8555009286309 -17.5848719518116
3.54260976380831 11.1573732832961
31.7444604194951 38.3808981569058
9.81507855604387 9.11221670650058
-23.8056277471599 19.5291563181495
9.23415851225413 9.2130028530822
12.4245310409893 11.4318726576855
-10.5981563825619 -10.1666869360313
-14.4294892765316 -17.7225519595554
30.2675696091434 35.5506491972234
31.7999234102853 38.0389075309758
-27.2091105298263 20.5213075398922
-21.6262462855456 20.8857612153232
14.302438123732 10.5001351090038
-8.05751079937828 -5.9716745522434
33.2664073709214 36.2772057821306
29.7029456374598 38.8136823492426
-17.2761530001131 17.1649544607733
-19.5017473149384 20.887004097344
6.47843935664136 13.4753968227579
-21.5022098934655 17.6843381279952
29.3437300335416 37.9496271709674
-9.4913796620933 -14.0759047203071
32.4477626792868 40.685853389298
-20.1988121988738 -13.6804015671076
28.7863045728567 34.3435154106869
11.9091913768176 12.1820520106392
-8.01877565490686 -11.7585670136519
-11.8516177954111 -12.1996187015551
37.0201790230904 36.9007207284886
13.8620377558007 10.4583809015808
36.1582092358534 39.0000025326339
-21.8616851428044 18.4414938885144
34.6440068279707 36.7457042498224
-8.98545081674597 -11.7636415169342
33.1762160433614 33.7347437056721
23.1728674489218 36.5257558775104
6.57288998401045 11.1377319742306
-10.9477388138364 -11.7017155128691
32.9204707791473 38.7605440055105
-28.5609219413497 17.8512300959696
14.126404601444 14.1349881961184
-15.9615505718155 -13.9637479439686
-21.7229257163959 19.9493431404462
7.76758350011458 11.947895591707
-9.30430695161463 -14.7314275343987
-13.2562101733331 -14.9080178850645
13.0096731894782 10.6457036942566
36.7546592468195 39.3979594950486
13.3516073931911 14.818277208918
-26.0639296415446 18.0661508826119
7.64178331217201 15.2008083012277
-13.9611879944551 -11.8088945104497
34.2228970669178 40.5044006157121
-8.30940342343583 -6.70545431417431
-11.5361009024577 -9.92361733597779
31.5916047639372 38.3785300925868
-22.3206345678113 16.517399914589
26.9662993621199 35.5667474659149
-21.5637716271625 16.0677874219413
-20.5394405432384 20.0840920230477
-12.7236221816 -13.8359918519565
32.227234337808 37.423052645186
-10.2526608226414 -12.4624289282927
38.3157895336578 35.0522944848594
-6.02665031741887 -9.49974084590046
-15.528669386964 -13.0830928698844
36.6003200896839 35.0713718858973
4.44718144944617 10.5906739424476
29.0819308334803 34.1070573191358
-20.1222194449319 22.1605849187187
-10.948090032656 -12.8491808333888
-21.2868613082593 19.6420121199585
-9.52032856015159 -9.83812070111301
32.4153885971321 43.4805433664129
-10.1741939661306 -13.7524561712847
9.12531272635843 13.6977608120595
-23.169805649622 20.2744963442747
-12.9601699583712 -9.58799650217915
11.1269664278439 9.39932293272145
-9.76727016932229 -13.9783666711811
-10.4441490905521 -13.3023935074639
-20.0947226012695 18.5041401935665
-12.1031711589766 -11.0095593563524
-4.70630428626328 -10.051719281804
-5.43729763008848 -9.91528288078929
29.7498915404346 38.6373501293655
12.0700716656718 12.3871345088625
16.2025177368109 9.92769633676486
-12.3984422507344 -13.8073607403005
-11.8602085903252 -14.3723279271399
-13.2292395351028 -13.3514357842558
35.3345268134738 36.4069013786723
31.4242802787723 37.6102474773149
-19.0792596758896 20.8904120421911
11.9224312868362 11.5114463180055
35.0170851685072 37.4543980420109
-10.0896613044756 -11.7797762422301
12.7974704013213 6.85732869692744
5.30169505249421 10.2281825890551
4.42537307912046 16.4932108354085
-9.1823692693432 -14.4851948734441
13.2210075789349 14.4586795874836
14.6623510634639 15.1615765513066
14.6238762131193 11.0682575780724
-9.90836216934849 -13.0042952186167
-22.5083821141465 16.9706966918681
-1.17064877530428 -8.64084344048412
34.0884324043055 35.4091525050043
-17.7425935944032 17.1609731590287
-12.8908645223182 -14.5163868842906
10.929250938147 9.94385947040103
9.73625621010498 11.0935893210063
-14.2242214836107 -12.0726304001787
15.7525662268095 12.4685605264039
-10.9416816103938 -9.4633364847861
-14.0900043133493 -11.9135531506489
35.5210667150088 36.3701006153944
-8.55355130405682 -13.8503667298485
11.0657368348138 13.989304343755
-11.8533305383669 -13.3857184897705
31.9614847106952 39.2372248790525
37.9978007618789 31.8246534115403
-23.2635211303332 19.0363646891518
37.5798844797352 37.576936425283
25.8569429980745 37.695223122223
35.651054517876 36.8920886909581
-20.508369338701 16.7557964473214
18.1495079835817 35.9034222962404
38.0964295075066 40.8835997404752
-11.9402045681324 -12.3144956771364
32.132397331871 36.0922713224787
-17.9159962605452 18.6997189776618
-9.58930996238382 -11.7640950574621
-14.9027680092185 -14.5644540213922
37.1423211660057 35.8732172453174
33.8070681168349 37.0608535033933
31.2108814017174 36.6070283592874
-23.6197770570154 18.9594042750093
-10.4550950272938 -7.91137881169388
-25.1177473731906 20.2547211925013
36.5836421419229 35.8800333028961
-27.6697759360831 19.4975148249179
-8.57239922834805 -12.7285863115146
38.4341472263834 36.516554070783
-12.039696207544 -9.12549041221419
39.3702431968521 41.0801767871846
-20.5542659011044 16.8942524729544
-0.190439850103663 -9.17044611911107
-8.84386861969259 -11.9054237523704
-23.5082641520589 15.0605472131102
-20.1413634942415 18.5747969374074
28.458443990412 40.5167115662838
13.1356700466787 14.8004830095092
9.63436262007926 14.9321065495402
-14.7153600018572 21.347543713749
-9.52547564704069 -12.8628863630708
-12.9961173659508 -12.4389458517991
37.9054349613902 36.511914267847
-9.87103258902054 -10.3821348674617
10.7023701386559 7.47713336600426
-16.4177927790256 20.368289798559
-14.9377021270129 -15.6995067264798
13.0354396735728 12.2660239248139
32.1446501086067 35.5124472082765
-6.61308747278675 -10.8775318237638
-22.3073610806754 21.5160139720378
-17.4860288517148 18.7635536300413
-12.1638753356715 -12.5691111726203
39.3138660488459 35.3920954040844
-9.98005428338809 -11.4838521734371
28.6467079248037 36.2627803160039
11.6742737128106 9.35359074767917
-7.80912727653874 -13.1867084093677
26.8684318118743 38.1692248371925
-9.98915111638264 -9.8036421537176
-19.2994242428825 18.2208654470727
-7.40022338893219 -13.2314334241534
-18.0222121642971 18.1859021653323
8.37156332089726 16.0776722749147
28.9822766484734 36.0202587231943
31.6703133294913 40.1366322437328
30.2330065589194 36.8582905059307
12.8487242775596 12.5846669967947
-1.41335588306507 -12.7245678178349
35.9690115811729 32.1935588771497
7.72166598038087 16.3509995994227
10.7462228554086 14.315812789936
-23.4022822816163 18.7669681538457
34.609819200467 38.6143700636046
-19.055246031733 19.5658403311896
-15.1588877350385 -14.4341051878625
-22.2952243312753 21.4910022757134
6.9156723728554 10.756061770676
33.6240329119083 36.4984356758421
28.154767167201 38.8512499803637
30.4818871094426 37.3018295474129
-19.3990865245609 18.6301711903642
-11.4764467071193 -14.0048183468642
32.0232249417372 38.3993337036219
6.45139485384733 14.905094935181
-13.2991232879952 -13.3476216566529
-11.7263960667534 -9.38657912007237
-27.3149885626379 18.5348291425552
-13.1701730289241 -15.1460423693784
30.2390430289025 36.4876169136613
-13.034859814427 -13.1590153850479
9.17324519813006 17.476364710045
25.9153485892843 34.8273950068623
-23.4168250865722 19.4807085763267
33.4034425808475 38.8185933746452
-6.91248069543049 -11.4184195792264
31.0973700159338 39.348385064009
-12.4881445038197 -14.3079643103264
31.7328252570542 37.8571941966024
20.3781160167211 10.2150476462841
32.0828227493229 34.2248753218876
11.9113862186181 14.6169359412264
-7.3195415005787 -11.1063533190386
13.1787849988505 11.2418805235162
33.0306394799135 34.0025420603281
14.9715656766511 8.34537945267229
43.6883805084717 39.5161646808179
38.7506809127169 36.4680599581014
-7.13545072916479 -13.8464380902296
34.2961376677508 38.4176132783684
-22.4187548875792 25.1020789333831
-27.0137378897432 19.435369111367
-20.0152195325928 20.5817174732194
-9.88157834749604 -13.937207878222
-6.92849416304291 -10.9155744658261
12.0092174715176 11.8565728291443
29.1259058653301 37.5162808575602
13.2022349043853 13.0072515067407
8.48545722738324 17.8135231339031
-22.1822794078023 17.7149918354847
9.09494542146046 15.6056295236066
-7.74386379156028 -12.5259138790505
33.3292104086119 37.7251244484504
8.95713951819932 11.8595172182593
41.6340582033638 37.2264798940261
35.5313677092858 36.687134771012
-12.1947020643664 -12.2908599509772
28.5404907029235 38.2641136167029
-19.537213617144 18.6139614376696
33.282981009005 34.5995379048839
-16.0167395012415 17.8293226845881
13.5151796276899 15.6376843442382
31.5545553028043 36.3362957281721
32.6382292671543 36.4988652490134
-23.3472391843348 18.5395237152222
36.0084090082919 35.2892056802853
-18.379043329899 -15.3530976619633
10.2051194278894 12.9478938341922
-21.7882738217913 19.427089857596
30.8299781510923 36.7485783927468
-17.1006359075061 -15.6634365376089
-26.5380226765949 18.2102270399945
13.725836727484 10.5006330976734
-7.50157964071348 -10.9281137469472
33.4658555971489 33.4163673287611
-9.35034308125917 -12.9383990791832
-22.0913030555929 20.7239902819254
-21.057410087106 19.7100841891339
-9.26304930804088 -14.2727464752963
-20.7872383364911 17.6072316182019
-14.6369760571457 -14.5682185681985
15.617724326113 10.7521093341373
31.5780921044144 41.0739384816909
8.95120509445851 11.4932466631589
36.0751351693677 38.8350336560324
-15.7355843816753 16.2415503118902
-18.4615210257207 17.9228979929333
-8.54696613500137 -13.7938761041999
-12.014412712815 -13.2929092651853
-23.5569768954365 19.3672917558296
25.6346418492273 38.364839668466
-8.49528442637607 -11.2370423642786
36.4144540609942 36.4191014074894
-4.8834577377514 -11.7992225396237
-22.111328963358 19.4969637355447
35.5016717510858 31.0131202161487
-10.4130160258678 -13.6760428555901
-21.6789933124903 18.3653919636716
11.4805580181205 11.8582549663723
24.4688667245609 42.4649769018155
14.8969698861638 18.584925973094
10.111789714082 17.4070011894607
-21.2841737542918 21.2132800675931
31.5887457685606 35.6579677819672
42.1419265505866 32.9761475311813
-5.65282855338573 -15.5776191012272
-18.6454454305164 -13.3893367946762
-11.3673374109565 -11.6332267216485
17.7836424483548 12.7945739091884
-6.25324410566892 -12.6746365960859
-22.2071940052343 17.0519262649546
-9.23211284627527 -15.3846806705802
-19.6087061991675 17.668031859893
41.5850628009932 36.5994852484982
-20.0855152529891 20.0615889435688
36.4160946608849 36.9181592359026
13.6110329718603 9.60858184469643
-22.853915912681 17.063945555998
31.7844508277076 35.2844989181039
33.2556816519097 36.8712291042675
-11.6083752627223 -11.040760002516
7.75120118738625 15.5299520325135
13.0928849034271 10.0951858896815
13.6849097736969 14.8830759121748
-16.9792981195635 16.0983403733117
36.4339758553351 36.4753482489957
28.6823384125293 39.2387747316474
8.65852511939816 13.8439941150978
35.9553342376572 37.7597855991699
-9.48173581536595 -12.3802139680021
-10.8257977689729 -13.7268342755036
24.6037386225101 39.5451823286545
-17.5444186750583 17.8701169037091
-8.66583436875934 -11.4534681277878
32.8505887570408 35.8132865270672
-23.5264945746787 19.9437884350512
-6.06002569321397 -12.4060951429474
24.1982983427999 36.310721893028
-12.3458470067095 -10.9753102528516
27.4864438736405 35.7124055943369
-23.342861113049 21.3013582659665
-11.9886717523631 -15.0937802048657
-6.24820699764139 -12.0480086309678
-6.6930548415831 -12.7468995928738
8.27533901062805 12.3519201983906
39.4131555044511 36.2926399028813
-23.464505834134 15.1979897938053
28.9156208173918 38.494690437371
9.9704766222514 11.3093743528971
-5.40507952415557 -13.3012607266885
-10.1494210026105 -11.9593783150984
-10.5055583587844 -12.6831202748792
40.4716733482375 36.0410373608177
38.3537149900391 37.760179531715
-22.7233167578926 21.0580113389835
-14.6340133500875 -11.9600765709252
10.2909608431736 9.31340955817795
-19.3000548905623 18.8346844458743
-4.04903153308528 -12.9619924223116
37.5980795164229 35.4648696983914
-24.4481718949578 18.1266748575006
-5.31204523122145 -8.41192521842873
6.24620453749491 11.4543483038001
36.0148408831409 35.1067589912617
7.2723733212155 12.6888063502691
8.55141951117486 14.42780252566
-4.44510637559283 -13.46184744215
-1.5185064008071 -7.55880833457369
41.5003876761527 31.7633409429281
31.0837173857692 41.5353520986748
-8.67376169444054 -13.1682475908764
8.4988226513477 12.676470630164
9.86444959371053 13.7207862523462
-10.4692659243328 -11.5170799348577
-25.8881957644781 19.9293977611241
29.4821599137987 34.4307235016998
-22.1179733089465 20.6721853449089
-13.6582275171005 -14.0682555672353
15.1076229498593 12.101826656269
6.68289804914968 8.00598984419671
12.8965282726574 5.85533566412259
35.1024301642413 35.9993777326759
13.0322157930032 14.518701096855
-21.5570023974178 18.9057981708122
29.3333400816734 38.6641208009499
31.1781383922665 35.837641430239
-21.7634031272696 18.5251541284384
10.7942466809196 10.0350942007014
-23.6717513283976 19.2172041110092
-23.6236281489342 16.9494723186811
-7.91666299948883 -12.791023188447
25.6317266352743 40.0355697273778
31.3550153214178 34.8032132941404
27.8468834202745 35.6448650192282
14.8427496631741 5.59829576081172
35.9781771547697 36.8966970100861
-11.2772514223136 -13.7128366297957
-19.7941514887769 18.5964460534156
38.0231148457381 32.1261479170961
-22.9256258776467 20.265906747174
-11.0858929098202 -12.2557827402961
6.98887029059607 15.0913216692755
-22.3997017122843 21.1925303192283
-18.8052026173618 20.1452705471648
14.5215861169332 13.5888485637285
-26.4760446484818 19.1718109040812
-9.56815061760117 -12.1246034328692
24.9818392265978 35.2408970841804
12.0834679356739 15.9817769613605
-21.7058987506055 19.5775839178878
31.9353802249856 41.9716749647555
35.5215545142716 37.8155836230978
13.0765443956439 6.10962529724523
30.6661698940243 37.0922843171358
7.53961502420305 14.8438607550101
-11.6293979996762 -11.2656063359364
-24.0408168273846 20.1163366209229
31.2141662667361 37.8342043732484
6.12517825422738 14.4164474691669
-22.104101923726 23.695780001606
22.3430164332357 36.0269468059703
-9.20204687936467 -8.20557801496697
12.3167321561668 11.080344950332
-26.1434088140064 20.790897811323
22.9236926328641 38.914161541301
38.3274334369893 35.8035935433401
37.3432449471256 38.7686543316813
38.0218822842689 38.0331332039751
34.3045615916302 40.0239500713066
-8.18669292943458 -11.936256238805
-22.652221956066 20.376971052899
-9.72396544576118 -11.1778640356202
28.282436262055 36.9002510711703
37.2828378472952 40.1886339641298
9.48616773817567 13.9195653631329
-8.38915717746169 -11.0810430556661
11.0648418268553 9.5242061852489
-15.5749589359833 -14.6495875055184
9.77987351954954 7.53003540545987
-14.8574465509241 -14.4875557892645
-24.6190879590561 19.1107821511197
-10.2672375506797 -11.3433613662776
-20.69625038106 20.2662326521196
-26.2019782069456 17.9129836552206
22.0096895593421 37.6903343462587
-9.08593095236368 -10.9695439708348
30.8953524075458 36.0860870030613
13.8669479867091 11.9884325346046
11.0190264840514 13.9795435435606
30.7300019795457 38.5999430781384
37.4097815124586 38.4198431406359
37.9002955715007 36.8576770761917
-16.3514136803054 -15.5076731208581
21.1087615583435 41.595721420373
-23.7309499692546 18.1282148454824
29.3866990568182 40.5346099294807
-20.6324190099927 18.6394642039544
-9.6222493060121 -10.2576843195362
-10.9538222631601 -10.7474499300608
-19.8776428890789 -14.7022173907014
-8.08402105714839 -9.34260667321656
-23.8508036806076 15.5018898673059
32.1660874693141 35.5342356964135
-18.7395775097601 19.0481127119018
-7.06679138771671 -12.5572262222701
11.4779159222423 10.2433249541781
39.8273344810671 36.1980851151464
-10.0087304922181 -9.80946744414253
25.9850037806631 39.5050685491198
11.6096419229182 17.1178979930569
39.0258228293238 34.8748902707918
-15.5378292707647 -13.9522837963738
-10.3796811165269 -10.7569330188624
6.74206362708073 14.5300694101341
-18.1210173336933 15.7333256127285
-25.5221033318424 19.3461728086387
30.7724511257713 37.051953711999
-10.4999440414863 -17.1949021848504
-10.8373423888647 -10.7270543783622
35.5211106897532 37.1973027886398
-23.1366783275848 17.0360631177106
32.4551671037477 35.9295642153555
-20.2600730507873 15.8909171999497
31.5905643000559 38.6619890328237
-20.4256583583778 20.0902727099273
-14.7400876566209 -13.9908541691259
-14.2130308909862 -12.3662008528561
32.3145480945979 37.5985932267926
-6.56206838657282 -12.7446848320836
-25.1332697583785 15.7506007059193
25.0479195943544 39.7574836381921
37.8647977858481 38.5715231623516
11.2556398344236 13.8333599735177
