x1 x2
138.759422825214 74.3056131499519
160.895366925522 195.490444919796
48.4614446759096 -38.9287840258778
65.3850999140084 86.0172028168004
-23.7017815231246 -31.107859411231
94.4858017674366 13.4434358830881
158.130104211504 194.809014118231
90.9211668259284 14.3603581539724
50.7274964985846 -40.3645400156842
19.0087265181907 28.749283903571
23.5899202966641 28.9038806190644
68.1099200678868 88.7941734536143
45.0567264807338 -40.7301057502193
96.4696940337642 14.9906898219998
-24.6452998237515 -26.2815799014625
161.024372675123 198.745017911993
47.6140120830108 -38.9551118107767
114.051675081251 144.307527040417
21.3371170159268 29.4242019582437
24.4050510200161 30.1320021166428
20.9542694870644 28.4095678384766
-27.4441212103205 -32.277658958313
138.818906703565 69.8800611018521
-24.6358466956168 -30.252494986541
159.285282763352 190.833850735455
96.7274631560609 18.8789584137263
156.724434738227 191.459112181941
134.562383243632 74.1459970242145
-18.6559367488795 -28.9224230201863
67.7042573305884 81.4293542155191
157.165290903173 198.665096274325
45.6476377756813 -42.1982273379417
112.024153046981 138.977838406895
75.2019704740615 78.4595622855716
21.3926827190895 28.0324416994707
46.9520347573566 -42.5153769790839
51.3898024688725 -42.0269912608146
-24.2661009442669 -28.0904974915825
50.0147012956717 -37.5872576307082
137.227739042867 73.5732627036993
49.0775299236088 -44.2252654270359
69.8373512674248 82.45935290444
19.9302744070829 26.4036871994526
141.669731462037 71.986718323366
-24.094546165348 -23.9306272703313
97.1313265384299 18.0036309674063
159.572750500281 196.773019592484
92.3018419279415 18.9343709693277
50.2658583422799 -35.2655910857004
48.3175806946684 -39.1551794208924
92.6301654560658 17.2992056559865
24.092144485306 30.9327080744866
141.986602832912 74.1329765119611
48.7161115067108 -38.8543101732069
55.5758838797594 -40.1346063680294
118.202955612367 139.862343283449
97.4770910625371 17.6865234057645
120.820190879799 140.137714270958
44.7882153480978 -35.344537412396
139.392771398041 74.3677142499959
97.9647492375596 19.2434457187515
-24.206016213867 -28.9292182040199
21.8079562837425 31.6285700620514
25.9456521108144 31.4825093404877
156.779672854643 200.432874707064
70.4547400338584 87.5268343858437
67.1205205729748 86.5387260175518
70.3956171570046 85.1380662037005
94.3967581861977 17.3779188909761
66.9441688218777 84.5149032983824
48.0834188123521 -37.0345706501123
-23.305412922064 -26.3434686157963
49.4727469144134 -38.3945342037382
24.7226193904151 30.0977620368981
46.5975858759457 -39.0044806727148
138.324907918938 74.1845069257698
70.9819268612188 82.477188383228
-23.5525460939266 -30.0911675656161
66.9655072146456 89.0422330557473
90.1033509571751 16.4934427942875
24.1917531773086 25.3313310620444
48.6219911282377 -39.3561486594266
73.3445739791405 86.045019928819
66.5350570557018 85.0461314560251
67.5203613308617 84.3589575553328
156.442060388703 193.830787668419
159.321093661185 194.120501974113
98.6495983020472 19.871288551494
-24.292820962669 -26.8507233341533
138.451401873606 73.1244469966682
160.765819427675 198.062528480819
112.793043799879 141.483556960914
138.235179576588 73.2240047352303
-20.6090111672627 -26.9752067233895
160.100848063106 197.636423963604
137.975130007519 74.0465079237772
97.5737739592938 18.2011779525352
53.3920156039298 -38.4041909949868
139.503912225947 71.9494324886411
46.2653118129882 -43.5217780871204
47.7144634878678 -43.6619408299215
-25.6529776850014 -25.6126009071049
49.0252730448483 -32.5557076597782
134.846538733241 76.3116879501948
141.539628165238 74.520729898637
24.708740157733 26.6624191272546
-21.6116394583152 -33.5522001443403
63.3875179664996 89.4210192677172
73.8609285231316 78.0759537220438
90.8505555736138 17.5608493269174
92.1061248037607 15.0264093694496
95.7472958545228 18.5049742571629
65.2979594177126 91.5342041880289
160.381100989765 193.215898498222
24.2673741661278 27.3764016203716
48.6475437483915 -37.8561944909463
-25.4218178516171 -31.9592811432414
45.8035987152806 -43.3340186203902
-27.6881098102615 -29.1825177236477
115.353166761334 144.184234174468
-21.5917422751432 -23.9265007148201
118.767624892075 144.273464581416
154.715861932022 195.108391100086
49.6885452050406 -44.622184199861
46.0438145146876 -44.0557285309281
68.7892466132587 83.2728984162026
-22.7036024897955 -23.5398925864228
110.072162091966 137.576710703625
50.9297860069583 -35.0423495184185
157.440212079814 192.606528837419
141.520299696752 72.7925137857772
133.601799183566 70.7847245513016
72.8140871542625 79.4895173775611
115.028195371077 138.784109242517
48.1154846673749 -41.2409832304635
71.3289161820874 85.2930653083578
156.765642855956 197.613489283329
52.3497916585558 -41.5440173257091
160.484445269979 192.314252342517
45.8429974927391 -40.6705910542097
72.5558176518264 83.1864675196685
133.671241939766 68.1976109492753
47.9196157871088 -39.5686114205927
50.1031902569688 -36.600494444461
-22.8039347713349 -28.8253596864651
158.142362199027 196.00154906104
138.8492745421 76.6024088415339
137.087555194861 68.7552974402255
160.697297084192 201.723662360602
157.962460169456 195.538261306741
70.6243714006224 89.4148433316758
23.5581894442993 28.6115421624172
70.9563271502735 83.2291032412709
25.9159450919982 28.7345274706127
66.2005854721197 85.1946299949237
-23.0189924355886 -26.8134586876306
96.67488274493 16.8713682953548
140.175898488115 74.6742966514464
93.5699305961386 16.132314225163
105.565700535043 139.944676149036
20.4219430539817 23.7490147047368
155.276018926543 197.060736352798
91.4566230245693 17.5783133822112
158.538585617252 196.242172406392
95.8861559442544 19.6550207254915
117.199405737016 139.191041224598
49.562928958652 -36.8865422828249
159.426566248125 197.980130886288
65.6250390567578 84.0092502335818
46.3937710647591 -38.4837077535491
115.042904719576 138.472322462028
97.772488881595 22.2332029634086
99.6344878702901 18.3142983489879
21.2509155875748 30.7697044399556
-23.8506103524785 -28.5250427574346
157.753591196063 196.060593456063
158.847027570002 195.263889381249
138.219168786752 76.0919406448317
27.1057730402905 28.6793263778136
93.8914892683129 16.6786129181406
114.755153293538 139.29060944205
65.7830308625205 82.7458706225528
48.255990192391 -44.183519544166
19.9338328466355 27.5574444875009
47.6759474451882 -41.6952405576088
48.8667083543024 -39.3817958732174
70.4682698614915 88.0820920805304
43.5771695466776 -40.2549293798694
159.986756232841 196.393311446105
-26.4367142823342 -27.2512644334175
93.3362266131096 16.9535227297624
-18.9657642893591 -29.4782671497884
63.4097000779866 86.2284374118803
91.4273467531959 14.7902768386449
-21.8440487669759 -27.1583127667808
104.874081535935 138.184774235046
72.4235598460297 79.7722938182428
46.5758179118717 -39.8710550190832
50.1609981157038 -38.1775518590025
47.5793395624672 -41.4024169504894
93.5372985377533 18.2897007116015
68.5753708539615 80.1608219035233
22.1100642549091 27.363840567934
68.4037413670678 84.9788883760895
96.3597512303029 17.1290279619855
45.3481162936606 -40.5881457163194
157.057616085308 193.224945144352
140.405612179899 71.8546325772308
159.752431507062 196.823354096992
69.4598318356901 80.2610221100426
97.6573199887668 17.2744178830289
135.582950940192 71.1164695095192
68.5766885624619 82.7117123111606
20.5842772587437 27.6785927304768
112.537752563055 141.027897255192
91.8368906454755 18.0280030096393
52.4380607634334 -36.4592909784165
110.914268863138 141.718142933782
136.39416538081 71.6887693739706
92.4497602308453 14.3892730374686
51.9590397742593 -37.0573374597045
138.137039407398 74.0896473361605
49.1959691664369 -40.2897266402332
68.6004412268137 83.2973091123388
-21.7202643146589 -26.6927658326755
68.9968546197771 82.3000898313597
159.186249558 192.917807599449
18.2538021693187 27.5660532021718
67.6223010554568 81.8624103693115
48.1993643441807 -41.467493794452
94.3396512109186 17.4106206720293
52.4357480014691 -38.8296526381569
95.9102524998656 16.8044300050892
98.6902297205415 18.6650901104652
48.1292144527529 -39.8645290776723
47.7059080182146 -37.0333131445699
158.081696086899 194.907979620905
111.425155042826 140.363317442691
64.0018681009578 81.4636364351287
-24.0922313022767 -27.8837218812647
93.1822577295549 16.3450787672425
95.8596448736497 15.6179954595858
-21.6649023525101 -30.9448106507888
140.59978974402 73.5078193266212
46.7965588409488 -38.7949394863655
47.8787239086928 -41.9961320273092
144.633565817741 75.7736349818995
160.041518335163 197.76119786755
72.3242507449095 84.9669710460742
47.7243578774488 -36.454294269956
-23.7115776712677 -25.3834991872738
142.673982356018 69.9381067558972
133.845170590852 70.9075681277711
158.426740732804 195.21953484762
47.1782800599114 -42.0806411216714
49.4351054523176 -42.2473354910667
50.7294131691712 -41.3929656280788
69.0140169031718 86.3142387391215
140.661730490926 72.2224499518152
67.371310745686 82.1537438599184
-24.0461184964714 -27.9078419735062
69.6135116092401 85.3405824034927
94.8562678140492 18.3829635388502
95.0743402341911 20.0981724208932
64.4589300159394 83.9262838395078
139.529421379065 74.8799799756397
156.246780615005 193.901667660902
64.0571777437262 89.7726022687197
46.3060659738146 -40.7125361981913
48.4792958419461 -42.4599830631519
144.22507222928 72.7003912336685
68.217415525717 86.4651144741264
-24.5888656511603 -28.6955916600254
68.265682819465 85.9139860204683
49.5414192147705 -33.8164817309014
158.345260353831 202.304839653484
68.5393785486668 85.8754280679357
141.676326527263 73.3660059004131
71.7525549426815 78.6072891191149
-20.6174380707706 -21.9585619430117
154.929537699968 198.639387493485
-15.5907419783987 -29.8721596469554
70.3830371527283 86.281724987944
47.7897585170221 -41.9824826500909
107.707918516856 136.95312809855
96.3752097328616 13.9170094787528
49.4767121954402 -38.8607386097376
155.165595442044 197.550431505129
109.357379536355 135.85497611835
157.055728725493 193.992904294406
158.668536708719 196.364002366103
45.7997992594749 -45.4648923038027
156.161342389106 192.784071544935
20.6703418782068 26.8403513902724
159.657379265332 197.428653122424
-15.5895300478725 -34.4120848836933
70.6849444854716 84.2314041628333
24.2627431494327 29.1915703395125
67.0778836890794 82.2037004072862
-22.3796641183641 -27.3133634970045
66.611788682996 90.1435335601976
49.3087971486179 -34.4333043006593
20.8548753021442 28.7794316270955
46.1076317151222 -38.0026771525342
114.766332927436 140.772235731936
24.7921747356352 29.1485358304631
60.7318314990273 81.5564057109058
51.6814187958643 -40.1431589869367
25.7524778377165 27.2304650248353
45.7576047714066 -36.0356308635304
115.143600676167 138.650777417676
67.5899935683301 83.81371662447
138.325580930988 76.9375495547274
111.348838895914 135.722724246101
-18.9150457633299 -24.5987232442425
45.3686217651318 -40.9346716814001
139.766670673119 71.363431722402
95.3148765704952 17.9358289719419
69.3946357968506 81.3611383372685
67.4098062241648 82.6089000226121
73.6472010497304 81.219481099237
66.1875244660987 83.6845627249362
47.8828360683017 -39.379318982475
89.3562639830942 15.9763261378539
159.44979042052 196.269413409289
159.703320909734 194.848004600264
160.193391937471 198.680717860452
23.8133365959519 27.1378286523317
161.79578401173 193.545732805223
158.511320851226 196.718320055787
139.547748696858 74.712154912306
47.6718374718439 -42.3197526845838
158.057959182716 196.869146740254
21.3238611177007 28.2149087317331
48.7473048211908 -41.7822390702202
94.3764862995982 14.2640117625783
68.0589941068299 83.0870828860245
53.3561912521977 -35.6597552025629
134.942122109036 71.3064150642072
65.2904280949047 85.4745953167131
156.956314268636 196.423592574526
26.5691520171348 25.6199363717068
47.9499400334416 -38.7590140803855
92.1830417145089 16.3848155604189
112.235920335121 139.916042011115
140.586541838732 70.5600866348227
19.2240695371598 30.2283475028406
161.469642906506 195.949506572655
153.252655559582 193.868799854063
69.0214882013064 85.2219242484392
97.4231508556059 17.8416279278587
-22.57802111324 -25.6118072914371
24.1883383585966 29.7931596774708
-23.9840007429756 -32.0995825486455
158.249551311142 201.13923453075
119.048248838021 138.077034476858
93.7188812915713 16.7520232879347
158.791710829223 195.918318361854
110.921249388333 141.110504458575
26.5807438283651 28.8718724069706
47.2021997188108 -40.7434120349292
89.5823765921879 14.8463683143818
69.1858840254202 83.5036023920765
113.684569533698 139.71441759025
19.8460079114976 27.5525780544813
49.0182373225398 -41.1121239398472
-21.4832387710286 -24.3097422573478
49.2642438158636 -40.5447506626559
92.1208058848534 20.6277559242624
162.481269469093 197.335045955793
23.8093914045529 25.7388051017127
50.7280935210841 -32.6602864669554
144.791577104494 74.7191250386007
21.2186946386004 27.3633882230111
-26.2135735085343 -29.6679108785676
96.4110742190942 18.4482878663376
49.3426006617941 -37.5201071339637
155.652954388215 197.728465607317
67.3069624170458 82.819009008532
108.646724041493 137.947507001735
45.5229790781207 -40.963658129982
158.214062159129 197.001408095947
-26.6650701785603 -33.1164581627783
95.3006411443158 17.6170232027822
46.2195768245352 -39.392218528573
-27.7625483108754 -19.1386338374905
23.0707830462345 30.8056342051723
25.0161730056508 26.8399199016987
160.39969973382 199.560550460117
159.319711076282 192.778419257266
-26.0590438505321 -20.2739058466571
-23.9418645615994 -30.4885949758149
21.9641455111287 27.9606873645038
140.437071999047 74.0599350205036
-25.2740054715805 -26.3634501313085
158.909076554264 195.651563210669
21.4029498328768 30.3442121747442
-26.1768068201035 -27.1695457776247
23.1828706586308 27.7400873525723
94.9804357018188 17.8192973369021
156.083202340528 199.925679086056
68.84619990884 82.0304938993685
-24.4700923285337 -27.771126402368
162.247188408476 195.411841913059
-17.4725933276186 -28.3009960372949
17.2976928821215 28.5840503623803
61.7927009396386 89.2136718355227
135.028696923554 73.2791512551462
161.788507814136 195.06343467432
-23.4818479021096 -33.6183749517629
49.3356057443228 -41.2474303875129
45.7936148944698 -39.7851701918233
159.998419922573 189.874235310049
91.1998667970177 14.8953402313892
113.26281248771 142.929875720112
160.99986464393 196.046507634697
67.6270051977519 85.1445639200472
113.061828666722 143.169172649692
49.8373202890942 -39.2593054591297
24.3478842544571 27.1183804969412
158.179386743072 192.524507649727
68.4542211927114 81.4704951690912
94.0277295850193 15.6005218970586
-23.522512841927 -27.0043244822472
156.690878167976 196.534013932436
159.692031733613 198.803537888713
155.81405207918 200.521305106887
89.8236087203171 16.5929681027667
94.3500253476992 16.2551679820758
47.6654236298813 -41.7816788053399
158.491318031123 193.33170884468
48.8387838029817 -35.7829451248345
139.279504490298 72.0382037275094
98.2219837907254 18.0215685589572
140.438447924213 71.9650789964988
46.5968357653325 -40.3067381049453
-20.1373357367849 -27.8129008214625
49.0473688754727 -38.2849856848957
-24.2760850694018 -25.782740845787
109.071660077266 140.640932701767
142.069130329712 72.1813501016276
21.2159529455193 27.572301645753
-21.6196698083995 -25.595799775107
46.6573309192354 -38.4529305604441
-26.0524362551667 -22.6838399876116
158.210425969666 197.227916304792
138.829648181443 74.7764962965533
68.9395025154976 85.5408256981978
143.140829970473 73.9808210787776
-22.8689645819121 -25.4787203008166
159.792488950775 194.697028551418
-23.3885505693892 -29.8098014135303
95.7119777488201 15.2643289295404
159.45524690271 195.786378145168
-23.8233748455632 -23.5145764784511
110.738496871525 138.559251708242
160.110439702834 196.994145415924
92.5712523781579 19.9984747132722
24.7077564464569 25.3781997420523
160.82576173406 197.730322180041
92.7578292878103 15.1945505645809
136.787048472373 70.7274464760983
52.7951513100631 -38.5924202993222
67.1279853052242 81.527208814867
93.9391511988617 15.6789157889451
23.2809397941195 28.3164178315439
48.5257478018259 -37.96751902399
113.010646420933 140.859158282543
115.340378306608 137.871307673231
158.299235405594 191.017917715654
113.945289100969 138.785698599104
107.21109768823 138.121431937878
68.1525550004246 85.8937059747833
134.318019922839 74.6677776986762
93.0993929990776 20.2383823805489
155.477096087913 193.970200655776
113.95074297272 139.47117086816
66.1606604892737 85.5444246568596
160.535787769049 194.760637142112
22.0292095968153 28.538339980443
96.5203748419124 18.7311296297833
157.65651804217 195.392209479887
156.611996287093 194.717482297876
156.208902306093 193.369260547865
111.928903910073 137.718829932788
94.6361628447776 16.732147566441
52.4110896216223 -40.5122996966699
155.704189154588 198.499994104598
69.3351735127572 85.1925151357997
157.527589705429 199.752384799568
-19.9349958869029 -28.9752026333683
96.2754658374581 20.5769506191892
111.613543132917 141.281329619459
22.2394323863459 27.7814737852171
160.810461871915 202.446831155039
66.3974359174742 83.9978103883878
20.6212306823629 26.3055728826339
26.1585804152764 23.6745517786671
49.6262232267675 -37.5618187259666
143.3370143992 70.4556677451116
21.0366946433137 25.961496199802
49.3380793905227 -34.6411008756281
92.293349005957 18.2855798865783
158.727077482517 191.035252130139
26.0946159167771 25.5636379150226
135.770824609049 72.92744570555
43.3074194743015 -41.39450580566
158.618379962459 194.204544026108
70.5905187236885 82.6627700370284
95.1837279161114 17.4127911278471
142.144586412201 68.527650738957
159.409165992299 196.558901411109
-18.4998828794304 -25.6986536200205
67.8032054156962 87.5621499355912
20.7591078433671 28.7794888002991
22.7265915740997 26.8246004255976
66.2621351412939 85.276322561272
159.094614512629 200.534997433534
62.046434184047 83.646085995084
136.293243257907 74.5718005935944
50.6986363777606 -35.9373776178414
48.0575476340261 -35.4633883176911
114.336384649691 139.763638050486
108.57642576772 139.479767734558
48.4883363297925 -47.7070015319516
-20.8674031628284 -36.1659745127118
162.505911412804 195.253397991966
92.2250568570581 17.4767298168314
157.80081736344 197.470789007246
22.5929438545522 27.7422890181214
112.670115221739 143.190647934969
67.6076951318946 81.8169571320302
88.508249502079 17.5846424298005
45.9424084608163 -41.3042221313781
21.255504155005 26.7099385163655
53.3054081128587 -35.1711961174592
23.7343333877913 26.3842319056592
22.7935721825412 29.6505788499497
97.0785992144957 16.992839551726
51.7029708915739 -40.1263054136125
-18.9585238344596 -31.488936299107
-19.8920989632768 -33.984318826484
95.5518187551292 19.3145853159665
19.1232612988969 29.5274462333323
138.831403761587 72.7585899458566
94.362903656238 16.2229938409207
163.590777321045 190.258386315255
64.9316139611063 84.551673242001
70.723621361431 82.8730670905576
137.819991767701 72.1972738078785
157.547014376035 199.141082258
141.106718094517 76.6591628190783
118.07130454608 138.230836454173
66.7367140778643 86.0784928668704
92.7430171472546 16.0700067669075
110.850373118814 141.351021685648
22.5518571514822 26.0420954308875
66.176634621902 86.0310354404687
162.789903306164 189.675749742536
97.3958655476904 13.1035988766377
97.6325709290126 16.7311571800553
49.072768071784 -41.6347764305194
89.8133311183279 17.4460327517723
66.8705604289202 82.6823672191346
51.8188906512155 -37.0616519578191
141.302025977356 71.2266191407916
69.3808640722602 81.5648101756745
23.6647612078648 26.5633319980961
159.663940305684 196.428974596023
158.43060676325 200.22198150976
137.960349529932 76.3372595502457
22.8673932878957 27.6289567001992
67.2538206959761 87.0791666511904
160.867548633774 196.290596638312
53.3771387514467 -39.4451525264709
146.920215220611 72.7348012538082
98.962883189363 18.5725983126145
114.538368735657 137.269316394077
157.336629170605 193.996450318397
53.3916320867671 -37.308975792786
160.870115585053 197.490263676044
156.375508507791 195.439367054543
52.8480129805705 -41.4077562769411
49.0885473535955 -35.3935387746406
91.8372234611002 15.8253996335066
-24.4865099381202 -31.6717362067539
71.2645431451298 86.5066678203158
53.4281098761353 -36.6285388560428
21.2481300203511 28.8731423276677
96.945488177199 17.9211775592813
113.250980228087 139.644887438876
99.9107247951084 17.3357741221546
52.1691989094016 -39.9044263946821
115.370603404745 139.528946930505
27.6731848809361 29.6474122262794
135.81918583507 73.9612313771012
160.073174431966 196.669784035539
50.456221137874 -38.3965696990042
164.245261696642 195.543288682653
45.5018996912403 -38.6673590162008
86.5191233775472 19.2298154680107
159.216083762794 194.621829808076
-20.3248149073451 -34.4042970324271
93.7149938507135 16.9529437193691
156.524890792462 202.935543094461
154.483829869871 198.752070748077
-18.8514414832334 -32.9385533173172
21.4057266802173 26.1722042180741
136.116250292828 78.2242718372886
23.4178205641769 27.5666557051523
138.314945073447 73.8034637563914
161.482230218543 196.279643731674
23.1651551996307 29.4129019669724
154.412935420076 198.726315187952
-23.2881443318014 -23.8533398922056
48.0661794346158 -38.8651356819418
49.3760693369675 -41.8537391355473
136.802970678963 77.283616085577
70.8356852194698 85.5343921702225
153.499022819134 196.973213637619
159.744295992472 199.618370540348
139.331140033303 68.4417311523623
140.45106347722 75.5802444548416
158.835726809566 193.108907026486
140.598257900977 70.9899566491461
26.7579282790186 28.929239134258
49.6566729184096 -46.0747422757446
135.518522105112 73.8066518389799
48.3508354150681 -39.497948066961
53.6657560368795 -36.6446599857119
50.6486213888958 -40.1443523159742
114.407966957739 139.733482662413
99.5881135258946 17.0901173645141
50.1972584195331 -36.1662536238948
-20.2128626629643 -22.0838659493048
97.5606920113074 15.8988022564699
48.0231573734411 -42.351376856335
90.1055242215376 12.9004669439322
156.492407053723 194.334050946625
95.5997958113639 16.2985034336569
47.5822605280315 -40.6723740057108
94.0397324546869 17.6349851745548
94.4755984588338 17.0571875384599
116.273558276215 140.796223808913
47.6838953724532 -36.7476462543103
117.392131309168 141.064407818146
69.3560861393786 81.3005244505486
-20.5961711947141 -28.9227378721838
95.897218086806 16.0624368005904
111.154768731333 139.974695249503
139.732095724598 71.0447303920146
47.3208605918611 -36.2111726854309
64.5898431621973 84.207348843551
66.0118191238687 82.5146332934979
68.0958445960395 87.1495000875326
91.7981309407633 15.7783326475414
49.0078849346907 -42.9155173400486
157.17696567751 193.725923915159
27.8117314225895 28.0042951640492
94.2083071690232 15.7010722676243
96.3560704453293 12.1376972616906
52.4253587784042 -36.3327712637834
117.351166191607 140.307767461551
-22.3500229452029 -24.8423553338317
114.332223178612 140.502598168584
92.070330975443 16.3426635617627
156.86179455905 197.546585690478
-23.4058953602973 -30.667992573339
157.61716784133 196.33096905933
23.1517399071044 31.415577098476
65.1966564816397 85.1097117884705
20.9692323455025 29.5893786669152
68.6342502401305 84.2620991823431
97.0151746425767 14.2028676187537
140.463457750174 72.1146699781817
156.976544610511 197.245938139212
71.5514985513985 86.291888113543
60.3508359513115 82.6036963829951
93.9550840012161 16.1221378063924
112.708290036855 142.593701338965
-20.7187860092816 -31.13956084754
91.2545262770555 17.3192712978053
-22.0263940074251 -23.7460710609662
22.7875459387888 28.2955620471062
93.8196605996534 14.5037695308394
22.3968159987312 30.4097675106648
162.878725090223 197.31043700918
160.07456997172 191.688556012607
158.771632344135 192.458330968935
161.003214854209 195.124373631707
152.984377756051 203.32694548909
161.547031149413 196.843621708349
50.093154043129 -39.3661216365111
158.277708357424 198.16483836551
158.020474978689 193.967872335775
63.0034681166656 80.4578368449104
115.530904139572 144.218133722135
139.437944875352 71.8228897121937
108.273778586535 143.702252383411
68.7606686576064 86.2073719368257
45.7995690373293 -45.7486876509195
66.5180694798887 85.0735247262685
156.862293510771 199.446900145865
26.4141064398446 30.6168332239134
136.568216379902 72.0921532968174
159.696852931674 195.081206510422
50.3199504401858 -39.8703383087237
159.656627630044 195.360118795343
94.3171537442171 18.286318981524
51.5560972086146 -37.2780932893618
136.901545908731 72.6838693021484
53.1999643048082 -37.2795521408691
105.111201143703 141.863419679553
49.98778674954 -42.0558461378319
98.953630332852 18.0436818417214
136.138378495481 72.8029079212349
73.9733649952475 82.7985661065793
69.0960462266866 86.7121712965427
68.856040716634 84.0420689561081
46.7087665213442 -41.9751820332922
22.2093382587263 27.3041822998686
137.073871978395 75.2519518167642
70.1576637285777 84.8500991720289
-23.6362566990828 -32.6072241279645
160.055339034935 194.69327132532
-21.6556138705921 -31.3884968251838
138.814540077641 68.6656723888616
43.640974371734 -40.9241430845036
137.004614212214 73.7241797678449
159.416573979475 197.828915776601
121.138262812109 142.202967592072
55.5008097612507 -37.8397748778738
93.3702152734591 15.4196988684229
112.051349440075 139.952871327435
21.9237823017856 26.3959597662508
112.84249064545 141.309848846761
25.7108914819131 25.9879308501889
136.099820404933 74.3149026988623
67.7510084605052 78.5657777935994
-22.9915263906791 -34.7598427402714
44.6496128078961 -41.4009491916553
47.9457508608951 -41.8118939940367
152.946524037128 199.780391068667
67.9058529190892 86.4923003449335
71.3368088857526 84.6358853909468
-18.0959605459465 -28.3333532876028
161.856533088393 194.278284205582
159.95411072294 196.703523089531
69.5747308954415 85.1847525651223
116.539481878014 143.50053599241
95.937321191841 14.9088725567771
110.631839637231 140.675356882318
-23.8353128380306 -26.5232532829178
45.9990184399348 -39.0393079048993
52.9255034279002 -39.0086880581799
157.992686409672 193.321404153638
109.707901914138 138.513641447325
69.0815222660679 89.601948374639
21.7598186616586 28.7198257151489
157.136034243206 192.135796697872
-23.160193491517 -22.2170097820629
46.7922600114046 -40.5918323466446
92.0692908656616 17.2676751300577
63.8246853499802 82.0404826722766
48.5647632151019 -43.5313878737395
-23.0050933273068 -29.3537333535043
65.0650896837335 84.807288899113
-17.7298752615773 -36.2090475859055
21.5017321720613 33.0246605296523
135.392226341767 73.9422389590728
140.133829215817 71.4795396828042
66.9518504221472 86.4575096201029
20.4067538972582 27.0481418553202
163.291545957186 192.951448019287
98.0923712086079 15.9101224328174
157.121240872526 192.470769818996
47.9918695643442 -39.8142628072159
99.1208523367793 15.1195870335365
50.3013947040726 -38.5854562648731
156.424888497001 196.921910342281
157.779463250433 198.623833335434
110.241413497414 138.615866876517
159.227327568236 195.692149376583
138.517570311969 71.7563984260539
21.0849907973756 30.4540085876793
97.2328847446256 16.6876623418159
142.531134319049 70.2823980714269
43.5292546977707 -40.9443003317127
68.174585374535 83.9043266892003
-25.783058208938 -32.4617021304476
139.112002852899 72.115434614179
50.3611937676704 -38.0556079962941
92.8798625164886 13.9270907539585
92.0604670166196 16.8774805800392
138.69124537381 70.5936403736875
44.5274869682722 -41.5524237437727
159.518922348214 198.930921254146
18.009707816452 29.9756520679512
47.520743329933 -40.6812570978845
92.624561736339 16.1287377969347
49.5730161163148 -41.1403509664601
-26.9092654252145 -24.6493331362856
97.2864767232229 16.991552643108
70.711570066466 84.494413520551
98.852573591801 16.1752259999316
-21.9120906598947 -29.987427823188
51.131398053309 -38.9288020636927
137.837821197896 73.6065561570868
48.7882982950943 -39.4096098952401
140.089225473903 73.1687502939718
158.09921171909 197.605714722994
68.0074146172476 83.3700010964844
92.7795320313714 13.8460799733091
116.457121455886 140.080691034008
45.1238855655978 -41.3581829380961
142.342017073949 70.3078861015493
73.0092221650116 81.7524238169099
136.844682693439 74.9027506277252
67.4408313464471 84.8278256905926
115.696625667082 144.079241801831
92.3226511826942 16.113299944383
-24.6104533396385 -24.3755226274822
157.602649076616 200.655361925764
160.650494007318 200.199559026357
91.8581370194348 14.7587530675153
156.416075896759 200.483989618766
52.6149393261172 -34.8511653294071
157.821639592248 197.281417949132
64.1155385182202 82.6203375204506
69.6394578845964 82.8560024064846
-24.026249518066 -28.7894746878537
68.362572925251 83.3578103405962
48.8099367072406 -37.2986319773623
25.2979035122289 31.6805902154165
67.8947972827532 82.9735641803572
159.299210938339 196.404845564665
21.7326363150386 26.6581832966041
-26.7745764521216 -22.6223555789281
139.039469468729 70.7355700503397
135.35634099554 75.3234120441205
95.6306755985962 14.2845935124244
135.990328963224 73.4684937611553
69.5333739393914 82.0336343278887
20.7088322035661 31.3240089858589
21.2572192022851 27.8221057417773
137.773253577149 74.5026938842838
44.7688360349565 -42.5659076009323
21.1599355219661 26.7517055991963
139.03626796122 71.5153601342705
157.412838558994 196.144296910405
67.8328990416176 82.5172561211097
139.980671997751 68.8314330213865
49.2880109662786 -38.3561095345232
44.741558495848 -39.7158045378149
23.4911577731048 28.2418062217466
140.079944478051 70.6334547746145
-22.5279737744415 -31.1711302769905
139.64686961252 71.635675951915
112.068543782795 139.621117438132
108.188585201193 138.806093998711
44.9733149003031 -41.7993038256432
137.366788536286 70.9138224046455
119.129446205084 142.554539785694
94.5867994935917 15.6050517510012
49.9459019009028 -39.5809662291397
49.609361482789 -40.1376634895295
72.269270571023 80.439276863818
156.647086380851 199.372240145471
64.8484712930265 84.7462793668634
94.5722436729163 14.8459790159988
47.6756994892394 -40.9286060134136
66.7710605680463 86.8633990980063
158.829589122196 193.484528676598
155.561530578044 201.321973050623
93.8059284509534 15.3747756197738
94.5687517215702 13.3307496905844
72.1441860300175 82.1594086994835
70.6496119944912 85.3444080980339
64.6700943175875 84.4071610212593
137.538829511498 70.5778085240133
-25.1883001763932 -18.5144484696982
159.992893813577 196.816630538087
24.5422309824956 28.5350761414124
94.053976792512 17.9934423363953
49.6752347554382 -36.959856210922
48.972935867328 -40.5067151426789
158.136567511936 198.065375800123
140.800066453474 68.9334851729954
141.01131329931 69.197422382346
-19.6231693111913 -34.0785466642447
145.571689018388 72.2578865410844
91.5211588299412 17.8809379144846
144.029971894553 70.3555233083878
70.4338600122559 82.3423820766443
69.2460365082774 84.2491757452657
158.219061240745 194.004265487458
70.1359477855793 86.1390518551238
114.502884779392 143.099431410973
107.418774800717 137.83515579049
162.629218862567 194.217018974196
159.329881227461 196.212112711002
96.8156537030726 20.1071530979047
158.437414720925 199.050028237377
48.2611893487812 -42.5771927275363
67.4394456286657 84.0728915836587
117.734070897571 140.599579725795
140.861527373282 71.967188595159
69.822586307443 82.4906742958134
156.90755612303 194.866170238239
155.829743008518 197.346271775491
95.1514314426057 17.1207099519733
68.1290831094622 85.6838845115415
47.1338262675882 -38.8058589359349
153.809036454638 200.313896846466
136.628723789925 72.6413810948227
24.468958389948 26.9241871061432
42.482676727711 -45.5592574570558
48.6842863224759 -39.0738154928376
115.59423788945 138.223543454189
92.4354871933778 13.8841554560986
144.048923009247 68.2427014843383
19.9863961693959 29.1701450206404
96.0950821884102 17.8344669489251
-23.5196039890754 -31.7418555413682
90.7609201979589 16.4723259164014
-25.7511830074791 -26.803690225757
50.0916639240185 -34.2019658755507
112.836910510713 139.775904049413
22.555126048243 28.6668747686761
64.2598732167914 84.9620116725876
91.2680987965464 17.2943505995458
138.720233757761 71.0399856931866
68.399564474127 84.0627054109702
140.521473094258 71.9538931506736
137.808794584415 73.5379655131767
51.4562444144958 -40.8695216109455
23.7993107972649 27.6908485350115
95.4710191588181 21.4585454241368
-20.5284355560062 -28.484134688687
159.988544199982 197.962108348442
65.9232476475223 82.5124552750293
43.586056053732 -45.662721038408
135.210482073796 71.566703436345
135.66636827357 77.5994421068671
99.0860769479622 20.692498849476
93.2589012858398 16.9898355990316
160.537019841718 193.076330613711
52.1782357727773 -39.964126221246
138.170996259608 74.9139671403678
136.647020523 77.00118528849
20.8727414967059 28.7648751518664
51.9996975449671 -37.9950346799859
-25.4053561644016 -29.4627207246569
-23.7884392231046 -29.0978437617013
47.8390058677028 -39.5545593758451
138.463594059152 74.9941329153513
68.5962606176778 81.8333760303247
-26.5929929215994 -22.0585105732219
46.6364545796429 -41.5896651062959
154.283981047559 200.320181377207
-17.0889004235341 -32.8254929437067
68.8952892726983 83.838640004193
68.5254271991859 88.7355914703705
25.15792093635 23.7609262979034
115.244481979808 142.528544622645
66.5422521784725 80.7640578108389
-21.6511680565245 -26.4425833927956
138.191665367049 74.1921601809296
161.451142570305 197.659503441457
139.66570919595 74.8001103422813
-25.6171326787969 -30.1203472103054
112.883142041929 140.12322287517
158.334076078617 192.547519887101
115.299111442932 136.507433215242
21.8949957921246 26.5927891391319
69.7803851376454 84.6789750482159
93.5006584350677 17.974569579794
134.893006736593 70.975266510752
117.804524089745 141.775691266419
91.1068858198203 16.7745876966456
158.413765080945 195.096618486825
25.424077119208 30.9550002880244
140.38934160664 77.9539050864708
51.4055265591386 -38.8153038366418
70.9737778082192 80.0052337187323
95.1476508518781 20.1960638887745
137.800838368652 73.3945894264661
138.419887724804 76.9918851551689
137.343117382488 74.3231354631473
72.2607882798086 82.2408456898495
90.2957425601985 18.396786882331
64.5499493474665 85.2749953998686
113.145415181013 142.406680043694
48.9413321210732 -39.0504401363687
51.9753726822555 -39.3643519082982
91.6338472435501 15.8634892132316
91.0145958306943 15.8168671017798
-25.4123791179084 -20.1347777136873
114.657648522763 143.066012628194
71.1711639883795 77.3179295335545
49.2882407450891 -41.1770204967451
-18.7326455534928 -24.0265125130503
113.755769281587 140.937524353374
141.749732029831 74.6808151836428
139.012296240185 72.4554266996105
157.780984663387 194.696062480609
139.648612471496 72.964177155038
141.593590493994 73.8157360436887
51.9640350444459 -40.1659017011942
49.9061534542458 -40.5229571525692
-21.1422671132492 -25.6572909316624
-18.5155109521011 -25.6272689890596
50.4206740851245 -37.6883208793347
139.754350077948 75.230370175243
50.7854549931972 -38.1146624976373
50.8490237648975 -37.6990262179454
64.4168316080239 78.6884961739907
119.40786429936 143.701041853077
115.055067870059 137.15367980112
23.7870547516226 26.4867772790334
141.174941966913 74.7988691694592
160.69775316167 196.768476539106
68.6616354168691 86.1597685469302
138.157924408759 71.6052937979134
24.0244105847514 24.042955131325
114.79482994363 140.36093224215
50.3233911746747 -37.6486423059108
48.8988414186244 -39.6859013361121
24.1879060588048 25.9800247644904
63.085513043729 86.1790884955813
95.9661434934496 17.279837731959
157.543900501578 198.818612307504
48.2967385958411 -43.2812540392071
110.100337481528 142.788713651164
89.5563877335393 15.6813842837923
112.997412606725 140.848891726751
69.9876581449159 87.5410759157775
22.1309275482788 29.6065638688729
138.586348225133 71.261421702687
48.9571416693599 -39.4254043118362
22.3342272334565 28.1168721165662
93.3518888827624 17.9607766248654
22.6919182171534 25.5248722521431
23.3138399541576 28.8853549404543
106.763425619864 143.493200128484
24.1078957815208 29.548512592276
159.369407157097 193.530246763987
69.1833259254206 84.0765410907264
140.113424300158 71.0838783315577
137.09544009446 71.8212673358864
111.948123481213 142.902417355974
94.6400199890373 19.3450115567179
69.8574328563947 82.3068730042351
87.8812712420628 15.7208407918774
118.0956966178 138.412399480215
-28.614927463906 -26.6745427912948
67.0716162386538 79.8515612069251
140.583921970106 71.3865031841434
23.4216359077238 27.4523729282372
45.2508314182754 -41.2105104623965
-23.7607606536043 -32.6395608523112
19.1391204278773 31.23986111848
115.119134388322 142.840025749795
109.816549372549 137.4493977901
22.9949217842148 31.2768491114561
110.890350081907 135.583838218315
158.522782493969 193.940944893085
66.0657269524784 85.0487438455082
-22.1159270407691 -32.5247659912936
140.015003185334 75.5158932843071
23.8678980965257 29.5590788868497
66.5565272542452 78.5127513893558
70.1550412944476 81.4295095304198
161.135170724283 195.928481138424
25.1488799014004 25.3828008974115
65.5078780033014 84.3961430697693
115.667009503275 139.225170038804
-22.9911396614603 -29.7019047182565
91.9329739742171 15.960013989087
48.238141939682 -38.4547872129547
-25.9691328687426 -22.2348990514071
25.3824044196084 31.6042212210884
92.0824190794421 12.3406906687715
18.1027952158402 26.877795105681
-21.4009025226162 -26.4016260706908
69.0116190602527 84.2608765952818
162.250780257046 197.96427068065
20.319345845023 24.3460865921998
93.3516775124593 17.5515084284901
93.7725782055818 14.2333093793506
92.9734707528496 21.2775643430849
141.394374386205 73.0167973245892
159.650302415396 196.58675743472
67.2340190653447 83.9985545976932
47.7478299839209 -35.7068521510809
113.113083175488 139.177129910994
-25.2048243192718 -18.115703354889
159.173412205442 196.436965969327
88.7720111058753 18.9775330235788
65.7097402281182 84.8777517819341
-27.5719589940046 -29.8968482484232
92.4697385372774 15.5873295974739
107.888484193106 136.712569896513
66.8684734331227 82.6682603621683
48.1503486581598 -42.5726647484937
-27.1232941286478 -28.788595717548
134.843523383617 71.826284467131
97.355578589765 18.349991039661
45.52188743763 -39.3269072587327
69.7713622069972 79.9797450871939
26.3546393260866 23.1337557220345
49.6096799909326 -41.9243650340478
23.9438342528069 26.7171097115054
47.1236994769255 -35.8578776063146
97.2127603378151 16.2021092806614
26.8365897106281 21.3413965851899
155.854927246932 200.345588551509
67.4462461498206 80.866367684063
64.9931460498022 83.7405951689481
53.1509423197017 -41.5423679060926
159.077148099044 195.339988057526
21.6746698868732 29.988872196141
139.083688659223 73.7409620037855
137.445610970702 73.7754752225363
160.452629634614 198.630105569205
158.957913057547 197.374855225547
46.578635710196 -38.6738180784885
-22.0296988200674 -31.4898102354298
117.392415034585 143.592733152223
21.9171540099676 27.784661805948
156.387538782217 198.333764817429
117.589025181611 139.84746871285
94.1503127393001 16.5353771482953
158.014914331475 192.399388674759
71.5117403004706 79.0834456636324
161.147654409263 194.265737251773
94.5604315272441 12.4694235250392
-19.7725972992241 -35.821381491736
65.1569199003129 83.3697440738565
43.362902697602 -36.9440705556117
158.539447010102 194.277963057326
45.7643405605952 -41.8020135171938
20.1901297818012 28.7893914990225
47.9134757798944 -39.0282974032659
47.3330052865155 -35.7473454077963
20.5528365833964 29.8073685584652
135.860160865806 75.9337098959084
51.5684666139976 -37.5634104797254
163.353276947929 191.198451620378
110.859000470133 141.266304669773
20.7704413460707 25.124669680584
22.6967692032116 27.0499835414989
72.2404023462262 80.6449282018592
109.792619972973 138.234898905413
158.205649483433 196.694904875279
113.671664872102 139.014830166237
92.7929404983656 16.8858457531851
156.694679853206 201.326782491226
68.2895494705654 87.4260633262472
89.2380075895142 16.8064530342621
52.8921144616021 -38.952897413364
-30.7609234994459 -23.1812824692382
140.729564311222 70.0791932706347
48.9647548417295 -38.5718335467653
112.461477639418 140.5928903647
153.618930271292 201.270968247658
51.7724094372129 -40.8844343631745
138.43396347975 74.1158385270964
64.5574153579357 84.5701334422475
161.051591578303 195.980092625868
20.6172709479881 28.502403029664
138.955279889465 73.5797924660939
93.8143671170247 13.0874331299922
94.132401161862 18.7418765738267
138.067942034905 74.4459331020584
24.2130741443685 26.563138837751
157.304844827532 199.623513784465
23.7808877071276 26.3138446495
139.555192542381 70.1986538096145
117.673245541547 142.315748595614
18.9597193970523 23.6654885579788
70.4078005658988 83.4149325313878
112.57177248883 140.241957977873
92.9379128783327 18.7963235542081
122.046221778005 140.843187521767
48.8081344893276 -40.2214960224543
92.8306295977713 16.057617746157
20.5643396576677 22.8126975011823
158.034132025866 192.890155882332
46.9504123443653 -41.8498581934482
52.1795248797228 -38.1268523127685
67.3089050163937 84.0160038318354
49.3502513544368 -41.6174460059392
51.5980998466982 -40.4062609653754
93.9254818167496 16.577545590094
22.6279130510546 28.8273653869845
-22.5677277445463 -29.5107404163823
93.7651948007275 19.7265782666557
19.7164934416724 31.853882096884
46.3837827351731 -37.4500467442968
-20.9881467673768 -22.7879132410893
154.771527856524 200.608154238045
93.97060813944 15.4918241863129
49.6277958447509 -39.2295173000022
50.6954847271815 -34.4370375624339
49.0044586062788 -37.630792959309
67.2038871602573 84.8077942353317
30.1227603186194 28.8357955374671
94.5306992511118 17.6131526415812
161.020345499573 192.902848486809
90.0239390388398 13.8671214479635
50.715007348608 -39.4547930892441
97.7662329887575 15.7209955879659
159.36599322981 193.598901827761
112.391200936633 135.943344125228
134.489773581338 70.4546073060543
49.0834263642111 -39.7164805007351
-22.2035719956514 -27.6813980823199
-25.4228664303223 -22.8987429767939
140.532388649903 70.0007226972742
-23.9090024052166 -25.5553069452912
111.310597316236 140.485655642729
153.013556514082 199.904051313189
47.8154360962624 -40.4343451538931
113.775059594735 139.411788101376
110.47205823358 142.745290750908
156.767408183321 191.749062215721
68.4608769289666 81.4564214294299
91.0045883485234 15.2321722307822
140.057585009974 68.7193469450913
99.0136199928805 16.6339157086294
-24.1260290358097 -24.367668215668
-23.7513720964461 -31.8367341800562
94.1900722658037 18.6054279822638
-25.6453902880659 -25.5381899517714
66.0091953669301 88.5147241889121
67.4461810076375 83.1804533447613
74.5432388620932 81.7900560089685
22.9752492428972 28.5965076126942
99.6686006371054 19.7278913448843
70.181365262761 83.6775272560335
-22.6994518467247 -26.6073940516624
-21.5576133229083 -29.0483314871023
161.825032523514 198.318791486329
66.51077546954 86.6497443716281
89.4613211140177 20.7751014239243
142.9190074434 70.8680315296425
162.56949370868 195.174616276313
45.799536019591 -42.152563393932
139.224623777997 77.7844470660126
163.873722113126 199.095795008593
157.222763944145 198.800939552519
53.5321835628161 -38.4811986379159
49.1184922137968 -43.2511807679338
-23.9558585566491 -33.3565447038014
155.557323828327 199.529178202601
49.5580871219988 -35.5520012272036
158.838117988276 194.532412615253
47.285548508576 -41.6566368048164
47.3994545050833 -36.3235948797553
111.180190420579 144.437933031434
133.863215379684 75.3278488295132
94.1988536812134 17.2174932783901
104.225954001299 133.372969457068
66.1973089626271 81.6417855183113
23.2090410319781 29.8382964958767
144.721631515919 72.5102232292256
-19.8619056342791 -27.8908854785151
113.998735254963 143.003170216387
47.3386389067122 -40.9545183490828
111.701697689003 141.345866551143
21.112832846245 28.6076678599079
48.0414237351592 -37.5485644157734
158.075976641586 196.766299489243
135.713010993852 74.3764187436274
67.1172598146078 82.7348648159521
159.073558772147 192.178385979214
25.3799770915796 28.7966366139682
137.447452525391 71.9822053928065
71.9638196777429 85.818628238683
-15.4470553702549 -30.5638516525823
157.17231733147 197.460503378658
110.646996235577 144.059579616402
72.5990785484853 83.0771091383539
22.659054732961 31.7018960555207
140.571475708002 72.5381225535872
97.0181851689689 17.0271845176945
66.750428837527 80.7508361599371
-21.0967237177256 -30.3731942237808
45.0839633544991 -39.7064863278569
69.2975797742924 86.0742428954152
65.7624609883805 83.1797582733537
-23.636826203448 -33.3167785260205
19.0849343060697 28.7487596621314
21.5493889012021 26.8143534846204
114.502409115355 136.942387929264
-23.3325410804023 -27.1877875703234
67.8703380039559 81.0665479507942
52.5995316010741 -37.2435103500395
69.7447438779583 84.109794759829
66.3845255064731 81.3094354422135
107.707642375625 142.189122600572
141.634221334969 75.2379948346313
94.2598331045656 17.3305673789176
-18.5280974482274 -23.1838669575178
159.319941826973 199.304995330436
23.5986596143616 27.7176801124993
24.1391707857506 26.3458004482211
23.7041339309771 27.0840068297391
91.1323356726472 18.7698549283608
70.2119391801838 83.6193417962562
141.98548996168 73.8787463096625
-21.7686321003482 -27.4746654950438
64.8990019082827 81.8966315281655
104.263942255995 138.64636751561
70.6454157484715 84.5366217095767
46.837615728959 -40.3469353335401
135.631150057319 74.1884010910394
67.793457789352 88.3618415290417
71.4495581816966 85.2258830998816
72.2792092123195 85.9057529766257
50.4286864017412 -42.0876181577368
111.690922253431 141.107787764064
65.9828344765798 82.7073918609149
159.799532463092 198.08351672444
71.7067187529811 86.6233226159825
22.9513559295181 30.5419776783822
67.6204062784319 81.9066882654049
46.5548304219577 -43.2585519065662
110.751952132287 138.520277219457
49.2733027245541 -35.0489298972374
23.1360585989299 30.0257760968065
71.9843960266247 83.2374757876625
73.4548101309138 76.5188750310976
-21.5390976565543 -28.5633741151159
115.61079851551 143.345122987909
138.074071568834 71.9737467718164
94.8420289622942 17.5955721920748
47.2542978798826 -39.857450862721
50.9472878423969 -38.7006885822674
-24.8959069014761 -25.3592998617409
43.3970050427565 -36.9021456805227
19.016977659455 24.1474648589751
20.6455498941711 26.6603818657075
24.1598031587438 26.7049506052804
44.6103006046041 -40.683077233649
72.6365328793994 82.645460022227
24.2839960777733 27.9379935839938
136.773901276039 76.7884067931587
89.2665885201018 16.5535034045945
117.798851805978 146.610369554735
93.4171451463403 18.1307291678468
68.2198690057546 85.9250506364614
-22.1430776090925 -26.9401484156562
160.622422325292 198.054698630224
22.3778265287155 32.4073353715539
93.7338822205144 17.9301805652671
114.048190812739 141.986569534712
65.2666381103529 83.5848170025198
70.4726633793952 84.5896250765199
65.5339275408598 83.6540452193078
112.137239493474 143.505949425026
66.0118049381907 85.3537190818767
47.8736606933462 -38.6677332721669
90.9832115379731 15.4253653360457
70.1516658451765 85.5340223694662
160.642112043795 192.710426655677
110.749301787427 139.635267210972
24.2802344514092 25.662966741613
95.3404406477017 17.407899796373
96.7855026660514 16.8373844647725
49.4273904314278 -39.1120064857494
67.8813560696757 84.6743160795335
92.4553256930227 14.7844313945333
158.900117736074 199.501846129964
115.212418099077 139.734748568415
25.199646826156 25.9739190359997
161.391587922768 202.626164000121
116.750406432953 143.134231786545
22.669551422248 26.7084365216315
68.6095584854422 87.8000489647026
159.087622897442 201.551124937248
106.705304218241 137.760054771803
138.289343263751 72.7386448110327
159.692946238614 195.352050158221
110.002808025618 143.338945556966
159.809314627846 196.693053593784
89.3408322550264 15.4610332853913
21.4837406079321 27.558779999815
-20.5702194909133 -29.8692757908281
-24.0553093338508 -23.805690711978
158.612456246323 188.091207239625
53.3309864499422 -30.7039725808225
46.6380717989147 -38.0964683682643
138.528202583894 70.6343114766397
95.0273856723783 16.1854571551243
22.1087635472537 28.4336650140752
116.014265176345 140.018097552875
162.211091685276 192.936375793008
50.7089942770155 -38.4044794812691
158.151603167606 193.533645246108
96.9123014844507 15.8216874510574
110.069573794983 134.659073316876
-19.6723816748328 -28.6647831952882
-22.1601372330934 -23.9573215603397
66.2175594579048 85.9465008286046
70.4566980115243 80.9256960684651
-19.4625672766096 -31.6339577075099
46.1628733305705 -42.0422363058274
49.7349230621076 -36.3646018072907
93.3934043965736 20.1208839279323
46.0852604873964 -42.6730719479588
137.143865694482 73.3018613414744
64.6405030372396 83.3874333232487
47.6275321852357 -39.3562676926287
156.569448210722 195.447457659156
141.118281132905 74.0182560596559
101.849466546568 14.0848539951611
98.5648331122438 16.6926734601561
110.815004917947 141.784122753766
69.0926074675981 84.6567701605048
22.2710216625165 27.2447376613862
51.6843518352589 -33.9660266956168
22.6707441448624 26.7749600740247
-22.904670688975 -28.385288828356
98.2771197755175 14.9632760700669
54.8771930662893 -36.287226791162
-21.5026476829008 -31.912548917598
91.4638076285213 16.309161989943
140.043803806152 73.9948289078272
160.931151989775 192.733642283123
48.8421826315032 -39.9361059816474
46.1232417517814 -39.2917357334181
163.714130104293 193.74273709288
20.6236305021217 29.5412559521989
139.83066064774 73.859667307946
70.3996099279838 80.6857573273311
91.8740418661504 17.1784058138193
139.201037073605 71.7259820455443
-23.4784065549218 -28.3754581446781
52.2316384814495 -38.5117410774071
52.9533152775439 -41.2031983848159
46.6388794019097 -39.0355119755261
-24.6562225363896 -26.1779946551165
64.0955981136381 86.3591696014124
114.872055980515 140.566725033315
142.402975205409 78.6701667343388
112.623143500694 139.769336121394
109.552906864216 141.695702729686
159.257992681788 195.432239013076
47.3439459241193 -39.7069268414815
25.8587903603121 26.9994898573625
23.0268710578334 28.9336238101951
158.729270100819 196.212035525509
-25.1546422433975 -31.5254892619364
113.092853664915 141.730184238901
49.4335698746219 -34.3937012906671
46.2517169820032 -41.0851997649408
114.1888984585 143.662474791548
68.6416987261373 80.709691218986
136.469595108795 76.1980775163446
-22.8326661931093 -30.4081743239545
140.712162170725 70.830572847076
70.4407123313163 87.1536301396305
135.692204646741 72.5669327066795
114.434357493165 136.24648430251
71.0341662448538 86.0487563071296
142.010329429231 73.2281100109147
-21.9591842979531 -27.484114863633
50.4076764666178 -40.9641033310851
95.8165118848792 19.1760448408807
141.846724051219 75.2285390454752
137.998843044463 71.1407202755178
-19.874486908984 -32.3083823003874
48.5088316084333 -37.1700615539521
49.3113561533067 -37.9991810435695
144.18850984522 74.0826341078471
19.5233746262574 26.6330153077996
66.2349746379445 86.7885712248613
51.390489609897 -35.3264013625338
48.3865842385423 -42.5076438076294
159.655646592949 198.755882804198
67.6449318835212 88.3229327175269
51.1551557461276 -36.235578679686
51.0926770684643 -41.5534993154919
68.1218888414921 87.1249437370025
91.7346375443433 17.8391915136801
111.232413464523 140.165582707727
95.4782268238893 17.4897397100618
21.0476247146397 25.1841952805521
20.2830259293004 28.1135251657433
50.1026222361647 -40.739281596686
64.305766616079 89.1642427624971
44.3335175704542 -45.5822693719095
142.483003556006 73.519992601405
-19.2271925795125 -28.6117151854636
92.0246288110673 16.2954037356186
50.1759957345439 -35.8872922746321
-18.7683730096796 -33.2419191171786
113.57219024426 141.425511787486
161.633956105801 195.771536309283
141.545581931904 73.2873135369666
20.5823934781682 28.7922444423293
138.530371666824 73.4291782893729
113.168927309431 140.129294414082
-18.1160896201604 -32.0122393262434
136.082136508297 74.7404217678745
156.478958122192 197.341501041821
67.5058569277122 85.4427990916038
106.546632327654 136.351841006312
93.7977261067804 17.3623256522085
-19.6991324432789 -26.5297282844963
138.593237314545 68.5178098279195
105.185028872278 140.156492837289
19.489447967147 32.5042302524383
18.7722079426837 27.5993985400145
67.0223643782362 82.3843908929727
63.5825640930028 86.2291195282263
44.2496137126661 -41.5744262263978
50.3031438029134 -37.7948225055546
155.796068595228 194.823983889592
-21.5205996329524 -24.4820461458541
-20.3387681842274 -27.6444903566177
-18.9218730120908 -28.850714320497
48.5912126294429 -41.9479322359867
47.711655236474 -40.7084298633724
-23.5189122611261 -21.380874987135
110.341467681833 140.618596633872
22.179206047861 26.9829132540134
158.035000511135 198.932792334394
117.270625490844 143.273215497398
43.0950355594176 -42.0174797517624
158.116245034324 198.664703696498
44.8852936929015 -42.8391143712473
49.9119389734113 -36.9009738306853
23.1740169545759 29.5553710412302
23.1230830995072 30.793622797945
70.4788338429227 79.3520886154228
67.9037317988915 81.4011416329357
62.6240928608186 80.5703022796401
-22.5708090878784 -28.2158516093535
46.7852201494113 -41.7930965201863
98.1517817121577 19.9463550803687
42.9031240921213 -42.6354976257638
66.8391585029481 80.4929168188609
51.7593888654945 -39.883927316965
109.289725325231 140.792074977623
49.5788907643913 -36.334869738695
17.6111566329637 34.1992097577132
139.901982311934 71.6485596675229
158.50360316677 199.317498108477
67.0452624535202 80.1064776800969
113.620743085936 142.220271960381
51.83679585197 -41.0485536803346
97.9175878396111 18.1040309223423
159.526011231333 196.954779557861
46.8322828621839 -38.9302478081018
111.778397052583 143.067473664223
-21.6911637067836 -30.0694586331298
139.786391311641 69.6874667413828
93.9655556432524 18.7839153541659
65.5219094126705 87.1924574447377
159.102082598352 199.639101139481
156.484718895276 196.143940944625
71.398476956319 79.5017921342668
46.9302379105615 -38.6933382615788
136.476034863402 75.5515579471459
90.682637959163 18.1528515359485
159.201224041795 195.919249580695
96.7404516749705 14.2506489241799
71.3773953188089 83.892715217323
67.920305246691 84.7262284516209
159.452698402443 195.80719709954
93.988435951403 16.3826540903786
51.1772950703511 -37.9720118349107
44.3185669360555 -44.414744658976
144.044151136376 75.1098390773686
-26.0707972830883 -25.4121322789514
47.2803187289263 -42.4994099536591
158.32495141386 198.213953246302
88.5254382105481 14.7925908285579
71.2193669283924 83.5248463155715
94.2358671967386 17.6521594200549
137.491539142022 72.7212617794609
68.3661300365814 89.6277840666701
161.391642618176 192.754337221015
142.248989438208 68.3081838239872
137.864652649076 76.0056752894909
138.770459145094 78.4155386581287
118.394154545785 143.105233570471
46.903294174202 -39.9097275577964
68.8322584607201 85.8332613510408
161.62591632848 195.092531965575
156.402244196213 195.302344245274
95.1646067244979 16.5433421676126
-21.2188918817663 -21.2405030276433
94.1902952223835 17.4896182471054
68.207326840319 84.5760448635139
70.3739160260245 83.2103945937528
89.7297150371237 15.798924746518
110.283987756941 142.829598263801
107.596076006665 139.625918159477
113.341781937705 139.158809217034
159.103070944024 196.252292983369
21.2435879011425 26.0780738372576
90.885832324716 16.4523052559246
142.061655478059 70.7020872397351
19.0108643861431 31.4270304354509
24.0382727388313 27.9400268475056
67.126859248303 86.90202895029
-21.7661958386897 -28.965608284169
95.11796491177 17.7988129570686
47.7527643793208 -42.8989476045888
141.233100074971 73.2974122068657
94.3533099310128 15.7366284971338
48.4592320235003 -36.1607274650906
93.5232470213601 18.7062412506935
22.2807351150746 26.431974249291
29.46673923911 27.1867952811943
70.9263823874319 84.8203477621918
68.0297330077303 83.9260383441293
66.93161483827 85.2886601552809
50.64785982267 -41.7936410541269
-22.6288689498975 -24.3195148000528
97.0568552157041 16.160433799908
92.6899538746229 19.4572203687282
161.543316964053 193.079050974849
66.1211936910801 84.945401821492
65.3063279128818 83.6915244661238
64.2168045391589 85.6813902350083
93.6634591289536 12.8911599738847
136.793160386412 69.993172561146
51.0672999411802 -40.7271843104121
94.8125182878376 15.9261552147306
156.520207589974 191.263566108963
157.155274878802 195.684417386504
158.41501413778 197.199454998032
48.2398389420986 -39.817614131651
163.151857709297 199.563396129448
90.8208564541099 17.8967225582827
27.8991986331735 29.7884858754888
47.2585090666403 -39.35681568858
95.5999773474148 18.6914305534816
70.2042925413918 84.6891285283568
25.6947039054604 27.9884277203516
47.4107515771507 -39.1593012192815
20.1664840929725 24.1486262684017
-21.9653530267029 -25.7379539155925
69.4503404522881 84.1271046237612
-20.2558253749315 -36.5643514651828
136.583293623649 71.1694559000877
93.07697698179 15.7127982360488
158.962359589441 194.360375130617
48.4514935032839 -39.6925544995516
93.862710026554 18.4796941611832
20.9679860379775 26.4844370700261
95.2256701895526 18.3973077777502
19.7121408489787 26.8491207909012
90.2883242769349 17.3450046275347
-22.4203447048683 -28.0539259244787
152.794211770686 203.24012500955
-21.2096231205139 -31.7570684513287
159.877861002462 196.705728515565
96.8209238645489 19.2608509176892
157.582448653397 194.012270297343
112.455392235166 144.817040767275
142.343525270721 70.1034260270177
158.379860748419 194.890652729883
86.6268337728907 15.7198927568275
68.9801613186942 86.3323654761783
48.983891046217 -38.3168663187299
24.9447112173177 25.8796120166178
106.731735844466 140.248022203632
160.419849254403 191.731958458472
-25.6896709930719 -32.86499125416
48.553458034829 -42.5208108089293
115.744300165089 143.799184846183
95.6607662023437 17.6393032437694
-26.9061990168522 -26.9418897336852
90.3312887362627 13.6115222658767
91.7525768384522 17.4757759102262
161.935227693222 195.082908430795
71.0827055559212 83.2231402696387
141.168560597013 69.8327113278927
47.7220089866359 -39.265830985506
112.364952925457 138.557519042148
90.7887676846624 18.7950672531335
92.7204059441894 17.6169746813887
70.0513233253075 84.021680744861
158.561574632946 197.24522610134
67.4216124716174 84.2617622923446
25.5526270074951 28.0732298997511
139.996783089132 69.2992986834557
158.981063325005 196.736930059015
93.821582007335 16.7878826585047
49.637194705988 -37.6383414361692
23.4453598784576 26.4010443786908
92.9415649454897 17.3783498230124
111.406969526359 143.221219121639
114.914984885119 141.398651412445
161.966390625102 197.499114298108
67.5433616778878 86.8694413920916
139.484032286444 76.5483550275921
-24.4593073820135 -20.8053841755505
90.6084146896977 15.7866740647963
52.1509817400615 -39.3143199368106
160.533265204429 196.577801057968
115.060910055365 140.128860430038
62.613376778142 83.4832059494578
94.5805748776283 18.3888242725381
159.81876607743 201.117364678477
157.465200984473 198.586065963032
156.837082567519 194.91317710762
-19.0129633171142 -30.7187231240316
111.839225117623 137.718755071619
141.282017516807 74.3670280280212
114.22062265896 140.893433123832
115.641855349899 140.749346031304
137.423345577498 70.4071147780989
-24.3616131360551 -31.2279165346487
65.5980454225057 83.6018682877517
123.11464042873 140.15078966835
91.8448877437858 18.5097087785631
98.5140771046954 15.7078087787207
67.0149972432941 82.3002244912805
67.5228649186332 85.4793528225566
92.5823318447628 21.2717350249062
23.3799155927429 27.2230435242397
113.731213853229 141.884914759284
48.1401707472665 -38.1675912472302
48.1772238430639 -40.7283854938728
68.8615311254192 83.2344640737823
47.8861388611565 -40.798789853131
22.2584046414961 25.3723099068914
22.3487625201629 28.763333241873
110.875650777234 138.799190996853
116.11293354101 138.644653148047
51.5662085052464 -41.4729885973247
26.7583890551602 26.6536380471604
160.648586150102 194.99103601907
163.923931375148 190.467253524082
111.447116743545 141.499997558618
162.419936778416 194.791071362933
48.1767864004039 -34.6646269562709
48.0840849517167 -41.5018445675563
-22.2659585535235 -23.0881303141055
-24.5091005407319 -26.4534884959369
-22.8687755656921 -24.5851850294179
160.128023743776 195.347367638651
68.1266933608368 85.5033170178353
160.097072839105 198.853965085317
161.775155659581 193.404418519508
95.3373779496777 15.7102748246929
95.6445188419043 13.1316285552338
-24.1009867263215 -24.368334352402
67.3478041591369 88.7383702580446
162.067724340546 198.48381393074
25.1122776922414 26.3363241452205
48.6411881003378 -35.5211580296708
111.082738920567 137.627094577531
95.9880687223311 15.0662925442087
140.276799520156 72.6750080379995
94.9338429372861 16.7667793023686
51.945334604631 -39.278753851357
64.3945913473837 89.3365867000325
115.822242469523 139.131525200897
56.6628014867576 -30.3806560928138
42.697487816317 -40.159194702176
162.550111417337 196.069916719887
134.60176360149 71.5312200151274
24.2220544473031 30.6919081282993
53.2720015119254 -36.4303390725528
47.4555420223086 -48.1734919015932
-19.4353383450456 -30.8106145356122
21.8879295138954 25.3651778252859
95.3121084090578 15.8394006305066
67.4122825282185 85.931653116733
160.099338936066 198.262205921928
156.22095278703 200.237499351297
-23.3633609554411 -28.9078008232868
67.3774182156425 84.2219038782574
156.441119989683 201.387345430273
114.449460710333 135.733091123171
66.9888603341697 82.8243076060633
47.9017390361878 -39.2666788806643
159.664666905452 197.341407464401
159.196961495594 194.238653498834
24.9138026945956 29.0835602659251
66.2486415134692 83.1294849942461
49.353767651722 -43.0816963893314
73.5170244323401 86.0283765969465
-23.9914271283568 -25.4639583970849
19.1585941629443 31.1447632808266
139.179482678244 73.9325815673671
49.0426104647039 -40.4755499480705
159.182615403548 195.662417532171
43.7839542847207 -41.661851278262
70.0857360122498 83.2346733607646
111.605858136202 138.791068461811
22.9102472296616 23.7151134648696
159.243393219955 197.821991847779
22.8330358408017 31.1397525957524
-20.2631186126036 -23.7438197759191
90.5960994344841 15.7623145151297
139.199690344053 73.0077500807695
156.472500678476 197.793966372835
42.5492425361003 -38.6602147041765
140.754861416704 70.7640944906413
66.5446966583 82.8897947910244
96.7275796866748 18.2455798953685
20.8570899534648 29.4755867849833
142.490479045981 73.2711024639133
21.9759425316196 30.2893660667577
94.5199456418157 15.4537841658411
23.0678128371303 28.3153147110448
50.3375861371888 -34.690925260766
69.6212917149923 83.9882630009745
159.967514465077 198.005805607969
113.989323652956 141.379847184406
141.336672367876 70.7343010434188
51.4294673740819 -36.2424505245264
21.0691227506521 29.7556637520769
91.4871125009894 15.909431249118
15.5573121645453 28.4036610567144
157.376501607073 198.045325559869
156.796695384278 200.941156504154
52.9778827351075 -37.9066439768681
70.3156620571035 86.7145186435524
92.95274790357 16.9182424127469
23.5407551104023 26.974227472908
48.5547223109473 -38.923845912449
24.3625180266661 29.0393792238683
106.973257731274 140.530754596394
-28.1987124333464 -29.4824148842265
47.3628239619246 -38.0473098978413
143.231129146136 71.866119954387
72.1511117063327 84.1552894262596
23.7774819863146 28.0005957064905
69.4855164299551 90.6491757676461
66.8525027701917 85.6208956105121
113.483086094475 136.781807239442
133.819215841466 71.2146140487861
49.1786359988109 -41.5553465891066
67.0693472428669 84.7445670416
-24.3784940303647 -28.9065826563942
47.8447562820738 -42.1943148618252
22.0460481550792 28.1683519104111
91.0815480343599 14.0235936991632
95.276687058188 19.817372027707
143.501082042394 72.9754289881332
49.2387760562311 -36.8895836845351
20.4254394148777 29.1395302626598
90.5421712584013 17.9792330220163
47.9375697070828 -40.4454496405692
91.8964881031931 16.3790149490669
49.7230651972133 -39.5337732470453
23.4553019222183 30.653440787355
138.000863665591 73.0728563142661
157.631541929668 194.768161802938
138.368274183723 73.624061766194
157.820514108875 194.301309852977
113.638849795822 140.431609738266
92.9553775333638 16.2859975483187
-25.5602046574113 -32.0564365823454
-21.8738366851488 -26.0603478692657
119.501046573257 141.148212599498
63.2164409059186 81.9263921183209
113.562395076693 139.877850465112
49.1203625350629 -40.8398503881137
97.3120135981557 15.1370318925094
154.865460351169 197.444271315781
157.318278619571 195.418646552526
89.624438239501 15.1725520445437
48.0254802940132 -38.6856263392413
66.4356287953369 84.1448654174797
114.61557366241 140.45168241802
68.2022019334996 82.0547878295243
-25.4302979565113 -23.4932583651436
160.407571357908 193.524706719686
139.572688362161 72.511767764413
96.69290281724 18.4742262328583
-20.9106522384459 -33.2888756018106
-20.9532934478065 -23.2271758200214
21.7932911837361 31.3759845496967
139.250157187404 73.0147599870345
155.918254966876 201.022960176094
89.999529658576 15.7396178908872
25.8598026712714 30.7106374588571
131.309613841802 74.9270503888245
21.619598601284 27.5215966909555
21.5309848797281 29.2836116306335
99.0879016434262 17.8936803694891
161.137861454661 199.229404072867
52.6410634505089 -31.2827874625805
-17.0722818516961 -31.663228549241
160.124234700037 199.271853409791
45.4507567391895 -35.5943567827509
54.4219390898374 -31.5660180080896
162.806881734759 196.712559209253
158.641898891313 194.323889159712
45.5800474438487 -44.5143041359364
92.5292467851597 17.1579549693278
-22.9806040673906 -23.8720926356346
97.1199660369754 16.3464072471111
89.0391382092618 15.7938995322645
157.885059588417 199.041085994015
157.828458923624 195.418571094584
19.6924748732961 28.2254797273254
68.8164370018233 80.0330584828753
69.1893596008975 79.8219111352105
46.9704302017233 -39.9535081847237
95.9242193149187 17.6251931088441
91.3703639113978 15.2640425051119
-26.2029781959303 -36.5353934327232
110.85707565672 141.297224028559
110.070752261094 136.672304410268
93.9804794088081 14.5149497028387
106.217789098698 139.253235151383
136.522048047191 74.1955723949045
68.5199157791124 85.3377192573712
157.572135400587 200.077168576067
161.242986275017 199.12615201392
-17.9957249725025 -24.8369033063283
49.1074380063451 -38.2987583853889
70.9749289656528 85.1173482610291
92.5856108064523 14.4941904722068
137.115486023764 73.9909067363897
158.353069198775 194.163175194802
114.559874271291 141.963788290284
101.344946363804 15.2322771540963
135.440859163602 72.2349871492644
65.6389802558998 84.2720321167891
52.5106373405042 -38.4724034829931
153.804034519937 198.94938169412
66.3323320817638 86.5056581995026
68.6203395678276 83.9715979910515
72.9776778116815 86.2597348523034
160.62149133062 195.523786708441
89.4543380659598 18.9616128513762
66.3031984523394 81.4809729374682
50.0195142671732 -41.6212873996822
110.743241658139 141.655420727804
159.381857152517 196.983745859951
160.568557176445 196.087986917281
69.7153823637219 82.0492112091029
135.948624595142 75.4190940763467
157.489031927374 197.629351713562
-26.6835439455062 -32.2532294787617
51.5189624701736 -38.1788868452087
159.765500873406 196.471804152204
137.012566468137 77.390561128999
-23.9326105619575 -31.0671382432198
45.692586117189 -44.0946632234918
92.0863605953928 18.2666758761711
20.9061837691797 28.5663524867134
47.729868802575 -38.6936456984205
-22.134983099701 -36.6027449827505
67.4937163026747 82.9744053568687
154.59647217393 200.257757761298
163.027425208131 197.579828122613
-23.9199365873578 -28.7279644086055
47.0513157642628 -36.1929201346868
23.569674666215 26.5973688115601
108.763537952882 138.102882933566
21.0507211293622 26.3368277323681
112.484458542389 139.078655977714
113.970556287246 140.242551428218
163.854106227979 199.711908216987
141.830411775132 77.2197643247118
68.4921195319174 84.7413457573105
108.113618135919 141.450349210542
143.934789161829 72.868373881302
141.180250917864 72.7740626053383
70.139539118717 85.9007907076827
95.2012824790636 16.5599233535141
-20.1508217624053 -36.5493051218302
72.894288051152 82.1852557616648
96.2002282330704 15.3165102824851
64.4933980932075 81.3042210825284
68.9295620242317 79.2966968824242
53.6601119855497 -35.4004898987423
45.7771096155861 -36.3120626083232
44.3834679493739 -40.7479812065948
96.6145506427963 17.4696033512175
140.472385062728 70.9464681436783
138.183425307832 72.8311911383282
-20.3828182432069 -34.4794897840731
157.419801344474 200.169162378617
113.195970690499 143.700541141694
64.146066362209 84.7525544184475
47.15896122533 -39.7063076305737
110.231202928447 139.098823367063
48.177198947145 -41.8771346304204
54.1652693360636 -38.6943778960115
108.724444875782 141.855577293336
158.719145074819 200.165669129078
140.546400125264 73.6236690010381
67.3492575526535 81.3037754809727
115.24495006539 139.857475669391
20.5679659468039 26.0162303687519
49.0402776239046 -36.5302522713782
109.346704112277 137.88198849844
158.61289291829 189.754175401512
91.5256117940047 17.0147150028751
160.406533158785 202.37636786101
67.8682882092091 85.7330127274824
47.5036614448203 -40.8504625624432
68.0982458118614 87.1549792347754
22.9862542150619 31.9917376632546
-27.1193616176752 -25.9799802296647
134.211770725618 72.4251447758993
89.5138953192203 20.8473148424036
72.0347222225452 84.0593190861318
95.4089255423086 17.8346176892474
23.6784482047835 28.6719861046975
139.168508556199 71.9695439389661
155.320096895069 194.511816151846
161.582291652708 191.612834343496
67.7717553599135 85.0398793201268
46.8218039385706 -40.8478474491995
137.397026433042 71.2293103411947
46.1124891310125 -38.7075424134351
-21.1368434357249 -35.4071984862919
136.6915044031 73.7979562244314
-23.9954184943521 -29.4598807885489
93.3357156419054 16.4582641878785
19.5478897014903 30.5272581962532
142.580554718642 69.1187930722289
113.749999085288 140.803503409639
18.6120059309158 29.9200316658009
158.285384529681 193.487819955638
111.116900661295 140.72094113455
71.9041406623238 83.8623277192599
162.639237212051 196.580228292176
48.7986849778003 -34.9848890239623
137.522234128347 72.1151490029003
66.8419030348211 82.5324628776449
93.8878135566308 16.2733537727178
67.8317590543385 85.7490461236753
-22.7000443090287 -28.962314617232
89.9053650714425 18.0971814733951
157.888043807629 195.975359157323
156.917382580987 202.586608310515
113.018451690432 141.895307862787
157.965364295064 199.096156265966
51.7185307079888 -43.2829634217371
92.3200188539696 18.6142443239025
71.9094424888514 82.1236500867732
22.6304221555787 29.3020398187935
139.566133793842 76.1372962053748
-20.6438171190475 -24.9779726425469
93.4488318721343 15.28050401343
156.517243210649 194.997459530992
48.3992710084975 -45.0108913812851
21.9850844524831 27.0112489410141
140.142442390052 78.0833188371559
158.955263801453 194.837640350143
160.502656448651 197.54443243245
158.327691064459 195.47709232092
72.0915073808261 78.8795196073895
158.993232283223 196.320250557519
24.0650453205396 31.477085678773
