x1 x2
-0.662416507902367 -18.27173379764
4.06496120364418 19.2615907982525
-2.46451086053579 -15.9781289173171
-24.0654615959698 6.91706812844178
9.93917025940236 48.8290951519467
-20.16416592767 74.619187923741
-24.966581638591 34.8483369835348
6.09606350463158 83.6991245645821
-20.9060603061719 38.168044997041
-30.1929087431883 7.04237826196748
-26.1946420450851 0.020235827434238
15.9535369140262 110.967987481384
2.52072074815455 -14.1403353533648
12.5123731895531 106.35159892206
-30.4875397256833 2.57331575710582
-15.5635263580267 66.4777903677999
15.2596003150387 80.6725539320347
-24.4933828105098 35.6442727055472
7.30928408462609 43.7089817070337
-25.2423842358559 7.21481413418127
-12.3267123444797 65.4269460460674
-8.30426614166749 -15.5892057047164
-20.4469357819703 37.6306646367425
0.0350913312022136 17.0486669749987
6.60873429607087 43.1360788891346
13.7864255183957 80.5966751419066
-30.9682057517797 5.43417854242694
-2.71507245303002 9.72669341660082
10.2532198014875 78.9028248413494
11.6277879587061 83.0135535343698
17.2817202650291 115.379696932834
8.47158918815731 51.1639757957334
0.358276667897933 -12.3866764523581
-3.04177112098499 -21.2301590240837
7.83805663984869 46.366782924778
-17.6828520044242 69.4708575695819
25.6557462744586 114.649608494885
18.7833492351357 77.6089574119571
13.2983474028329 51.3590863257678
12.4487693855325 117.456676457734
-23.1389943410472 34.9204482160126
17.1452795049688 79.8256558609089
-4.73288573946671 -22.0047492337484
15.744896842277 77.8050502503818
-24.908218067554 33.7790751548828
6.45804279769741 48.3768426600858
-20.3187512145952 34.7617110386961
10.8737513082883 80.2449303465952
11.2147161603061 111.838702354867
-27.7047961782373 1.50059179509602
9.66161444190426 47.9600407353284
-29.7755937463129 0.172014571422461
-1.93606212085805 13.6941434259282
-5.99098091590774 -12.1136932333426
4.02768939344164 111.130659649523
-33.014541705483 1.81765290476814
7.60484021125726 43.1797767230845
-19.3390072603698 72.163560115811
-18.9084058685711 64.7471014552144
-26.5530478371846 5.31328216516713
-29.8141730267119 -0.805018690150806
-11.048621141437 -18.1515169572239
14.7125705419999 114.835131496099
27.5249191642148 115.108386624474
8.49305269011413 81.0967929398783
33.7803489990016 113.113522868332
-21.5406703121351 70.3096314989642
3.36992384211162 -22.6572772623249
-19.0514977162837 72.659249255872
-23.5450369351465 36.273359875808
2.2402202137771 47.9149942795188
-30.7342252418981 4.75670617983212
-1.09331355674877 -14.3150172414934
-32.5321129662405 -2.82645844220335
5.01893908821689 46.0845084702145
-17.369869276512 70.7889823815234
24.8392221646902 114.623238981907
-15.4715238361427 70.0910886288195
-18.0826143547459 66.2692509269573
2.22023410799129 111.315994739371
-28.9223148642784 4.26040838855891
-19.6861773325776 66.6378762097757
5.05501398587448 40.9436068789975
-31.240724983324 11.1751066031274
-2.59204717899165 -17.9541352894155
0.0141124190652331 -16.8533000522706
-27.2652879746073 3.95249641375282
1.35806316038269 16.8966907702468
5.47059814768808 46.0587609775826
32.5483964228544 116.723936738423
8.89244932167483 82.7098328000312
18.9683764350225 117.240253353347
-27.1352897524254 4.37538302328182
5.55015390981051 44.1266095564908
1.10343077334474 48.0172054186787
2.43048177548438 47.888997888064
-13.5062207366497 65.1434496428682
-16.8346024613416 69.6893756760584
-23.6563562281837 38.2544419343052
-24.2043297894677 10.6156206112809
-0.547593688227061 15.810355391355
4.7176903069456 20.7171325640097
9.49821422055324 48.0674520042847
-4.23733923208332 -18.5139995939841
9.37140427331714 113.443463398829
-16.6112284950858 69.0395290121237
14.0710103218277 80.0272861900979
9.78227837192123 109.782791915422
4.44788083079108 19.8641750954486
11.5173305417639 80.1507567787069
-24.5424768735997 37.0588708471676
-27.4363342233497 2.50152863585714
13.7046819520324 78.9030733238449
2.20700253602173 13.6026127062412
-3.15957619168791 -15.9986316873789
-18.6306631517149 72.7099846725696
21.4228572574894 108.040178187504
-6.96959227859876 -19.2717772083757
-3.99420550841234 -15.1214230341235
4.46255190281788 18.1385824509643
-5.38059268256195 -14.1924130862066
14.7943510546699 112.983040121245
21.3413513225021 106.107272741182
4.07498904870294 45.1884327293023
1.14120527336095 17.5053009988006
-31.4360351006504 6.15700800180205
-5.37075368810267 -12.6493777984587
-21.4288173726251 36.4270280411318
3.35714421286619 46.6147477509382
-18.6646602953989 72.9000942946957
-26.251667109305 33.4903557598763
6.46334260806459 83.1678960061199
7.88478479423515 48.741241047466
16.72429708767 112.069492130416
-24.9589924115179 37.3731562378932
-18.0430623939421 69.3372721270141
-29.8176098637924 1.17140034401804
-8.19698311995332 -19.7479441756791
6.69319392135213 47.9984159264415
18.8731833869188 105.38127522404
8.72363153874192 81.1758640346305
-1.61327307290006 -19.4107446692806
11.3124480921888 79.0498112142695
-20.8882441153688 42.1351389107716
-19.4010166253262 32.7783972876733
-20.4157658109003 76.8754888210334
10.6031545720165 81.2849044145687
-17.3777161320409 65.9950348600894
27.1657804685388 112.369586422843
-2.81571189953004 -15.1349156355941
-0.613297017737696 15.0955910693854
-26.409264991683 1.84843697486893
1.47366604898629 52.7991117326684
8.61001707845007 48.8664213008302
-16.1217524333801 68.525748765485
-12.66131479496 69.0795575931036
5.96045892783371 48.0345740081038
-14.6896947563148 67.4018968420213
-17.2325912441094 71.9113955639607
-24.9658223675129 1.40071888209742
9.82677013380209 106.97578936699
1.78537530460835 -16.5213726503896
-19.2678625501922 69.7170909982588
12.1877542826484 45.9959988871709
-3.63030917587534 -14.306736134185
1.0575689825657 16.928633365384
10.119274215739 114.085146538936
-4.88191929109098 -19.3181147237061
3.88931960610523 16.0438858428742
-4.3502112038866 -14.2515456874268
-16.3641751786427 65.2524103569677
-1.4884380539635 -18.7615911485239
10.7567749345796 50.1661070570697
-24.8697148422733 31.979393680343
9.48459449423843 20.8096815597612
0.0944363051172465 12.9350536458584
5.6362400155025 50.7451116158089
7.60859078723578 49.2979509938859
-0.663600894016828 -17.6167572740705
-16.9683604732629 65.9878989882245
9.90027159667352 48.5628045832892
-4.4246179533017 -13.0482368640604
-26.1913050072611 38.9260392354033
13.8150203243466 78.9741064751729
-27.8571563674352 4.94915082481238
-24.0786653625974 37.590644406436
-24.7627882241961 39.100905597637
-1.81087248117593 -17.0929887366705
11.1660785939048 46.2167455774198
-17.2068199846921 65.2506349403355
-24.2625458384477 5.62465803235914
-18.295018222537 68.1587994973041
0.00797256174863881 -20.8207430255333
-23.2108349209655 33.4517491339211
-17.2974296122857 33.7930755524116
-15.7797211235006 69.726772914147
6.95297347164531 47.4148052703497
-28.362859535395 0.774391216789951
19.4483767841206 114.473099928734
7.95428401635659 49.5830177805055
21.6916126115249 114.64002348543
5.33137860201391 50.3938381007842
-7.27229004287863 -11.3037737389315
13.2634637748776 81.7900044967951
22.1932851408514 115.403956303238
-2.84783147863855 -11.4671316792946
1.51436973686186 -12.7387758689783
26.183151760526 113.62120927392
1.4956920044543 50.6700230463519
-25.5442466382689 3.78249259500476
-16.3290751280513 69.8702528246332
-24.3425258430197 36.2952752321211
-0.629967909020835 -15.3630647136477
-2.69911661165501 -11.4197095012115
-16.7165851615572 69.5153159399603
-6.80516079661819 -13.7114892970652
4.11735170430569 46.5720327701475
31.0908223805386 118.48059434834
8.01117622226828 81.0909124064758
5.04436252197681 17.7673256129055
-3.42517636774337 -21.0428608612119
-27.1838094336561 4.03005170438473
12.7692048439314 110.746663398268
7.07939144590656 81.0018694705889
19.2640798749196 113.233374006029
7.50719513231361 49.4056988921331
11.1923335534581 80.2207635630732
3.81678599853056 50.6451912031576
12.8703735785395 112.993203667619
-16.317699462036 67.9660293823358
-21.3602081790994 70.6479145785284
-24.3164999251279 70.1977103803304
-23.5229114099146 70.466171569582
7.49205359360904 50.1509271457259
5.82941427656973 16.3915041012762
-28.297418708983 -2.52822885888678
-25.7225077916353 6.46320378348093
4.75326443414582 19.6457117492909
-1.81736185414751 -14.6169119951077
-4.19951026729737 -10.2409811543606
-20.6278173204671 32.1852360648833
-15.9486580004293 68.2390112782139
4.574171058045 18.2274201191612
-2.05902512367814 -19.9013510450318
-25.2087737935698 1.6514869558251
7.38244207647274 46.7159471742667
-22.1545359372118 35.3518762232397
-26.6117296960605 72.5495134181153
10.9757320075223 80.5114337030832
-3.30027920270444 -17.6431051845989
-16.0241335105385 62.2905773310228
19.558594946232 117.40468432177
-5.06786083175978 -17.5118018060584
8.02829258211352 48.4369052800939
4.43605926777983 16.7652011108522
-24.8030623849428 36.5147553215756
-27.688506471731 5.11805586207008
23.0534053825587 107.094765306394
-18.5267637454929 71.4722127812566
-26.8057151151429 6.97141301632911
5.87080000135238 48.7062026912185
-27.2872768274347 5.23429207187565
1.17521144360452 18.1925015959486
13.9505459043871 108.323194093212
-1.74050490612441 13.0243630240983
-1.34412626768741 -10.2199604095227
7.10118530632471 108.249634409002
20.2458261908174 114.444389582108
-17.9115096873239 65.1258707891193
23.7120142716679 110.165651142382
10.502080814033 80.5297472313877
0.434199351409354 -20.9408977151918
9.82672317214414 49.5990274819805
-22.7074277127979 36.6257580031262
-25.3484012243446 45.3458943084948
13.4870302984867 112.269074754924
3.8593424469211 16.8519281179199
22.833603034461 113.500277095025
0.681386699003673 -16.4586890995764
4.21968930495315 17.4723472986129
-23.0767861188169 38.7387400761401
8.22790759674205 110.340546872552
-27.2075643342858 2.67853652133103
5.07964128492766 47.3128263042673
-31.4075090244173 3.88786762724564
-16.6131097154793 36.3942494924633
8.86158257316626 44.889761589971
-17.90550407698 74.3811457064797
8.29525481200598 48.4208256789349
-21.4773428215679 77.0912814001619
-16.051318048938 73.527456376536
2.18671222259105 -11.9873988119047
-27.6960720137174 7.2234693710909
-17.3637323075775 64.9638671731139
-23.9193238436724 7.02905047276485
11.922645255403 81.1156897427747
11.5117814178146 80.2174734535635
-24.452663380479 37.6339353204841
16.3817858570222 80.3461592674529
-27.8129191188434 5.89500287188477
11.4564847663551 79.7213863605322
-4.55633571231794 -18.3640897021078
-30.9815941266686 2.31209224248053
-26.6358461390499 5.26372994134496
9.22978357995035 44.9143722187896
-2.98719085664217 -16.3562756081217
-23.7888696516984 38.9172537995312
-21.9568027107506 7.59647783105363
24.9715073126764 110.810162107864
-19.964497500616 70.6507931775339
1.80096387562551 -16.3632178651649
17.1703611132698 113.333282132073
0.116761010381516 14.7668099257787
9.69280000699474 50.0438548841865
-4.73864187979834 -12.2989479989703
3.26950553296653 18.3675071502162
15.8175268556398 78.7550757127542
5.32391106872242 15.203862080865
18.6760258430469 116.799983255812
16.5176594347883 78.8798591218258
13.5464271893237 79.779488013312
3.95312311774571 45.8648332015525
13.8395468025277 106.418082449013
4.37409788816498 20.3600618923247
-4.28010745477038 -12.3032748325748
4.8456055618235 46.3191892946841
-5.58378158503604 -18.1132115538421
3.73640077035117 45.9114386191817
4.72010226644878 49.0087777532794
-29.8746491623944 1.42771383702165
-24.4626287656227 33.5208994090782
-7.02726769901899 -15.8212463657552
-20.778977789447 39.9129206939878
0.732260708295642 -16.1421473123129
2.04832534193745 15.1565167666666
17.08668525211 112.073234545686
-22.5258776698253 4.106994874213
-16.0419903273723 66.886424033183
4.38821607341236 53.7588344223592
30.2961260916678 118.99691907621
2.42654309099872 18.7822402408843
11.8471125890358 82.2413716937028
-0.10424370189696 -13.9818436257962
7.3762295115571 49.1575599806761
0.980571177630216 15.3213740788885
22.2789897867025 109.521261519299
3.1804159055831 18.4283114376776
-23.6129523797733 36.7542746631641
25.3658350013561 110.756054667107
4.61129173327943 42.7836681554235
15.1019278739254 79.6208226296586
20.7091676133653 117.316217816807
0.124932758874834 16.7589579194071
11.5671737133798 78.9576443435643
3.25413422834735 17.1577389810422
-17.8615317796402 68.1609176336717
-23.9021674912904 34.5882034435483
-2.91289086567715 -15.3930911967727
-24.1738867788729 5.51575035389003
2.44374528599791 15.212800317059
11.4385102076151 80.0762290426524
-27.214210024587 2.37424725257236
-20.5815673261574 69.215888833112
8.46794431397477 114.253985384213
-29.1099682562234 2.18024844435248
-16.7419476065625 71.6250328868298
-28.5271354580828 4.95565538069036
2.64015006822527 50.608951508567
0.618947979147922 14.5866599233904
-30.2703683413684 1.86823747080183
25.8860924152214 112.284383482636
8.96688146402702 46.811853815029
5.56994994525397 14.6179782113289
-25.3773692144742 9.0479503753689
13.2728105305561 80.3228025505297
7.32277345636706 51.389629958306
-6.04006320457516 -15.0984985471266
-20.3328985294691 72.334371181861
11.3343064884743 80.4770424969737
5.25670328243339 15.4825431114409
-18.3953443917893 69.4833998219177
22.5500251395984 112.793721788127
22.3482465273279 112.703550659919
-28.4767055133206 38.5085858985359
-20.4937705655812 67.526234928358
1.53419018880776 15.2222758078854
29.680842112022 117.491668381282
-31.6453151639479 5.52412830998172
-22.0639206488389 36.8218367533488
-33.322869245408 4.08417583505024
4.78231471865538 19.9797485186315
13.2562922963967 82.2165714544191
3.07660482096948 48.3937251823384
10.8904152995415 80.7799517300624
13.0636910377879 79.643507934724
-23.3083555369136 29.8180783728618
-18.7111177397475 36.6476471169086
-6.07159025142941 -14.0394356690424
17.2171025747438 109.132948879675
-24.4448347148609 37.0443330474408
-21.2298716537973 64.5342531702356
-2.89968723707086 -12.8321823991694
34.2539693515168 109.11487786044
-6.09437141191261 -19.2688035211126
21.3584699179227 114.058194052477
14.0163001580745 80.3360207292012
-27.5721854888376 2.43739110686592
5.03696141016105 45.4117958625875
13.0071407971922 79.0624188277497
6.75931115438471 81.2329325484219
8.9350817073661 81.9671092693573
-15.7377099325478 70.0465212542042
-21.1949626658262 40.709633609873
-3.6068660057324 -19.095060124875
-28.556442730421 5.6446521289754
2.64301814854663 14.7513771968758
16.2383713396223 111.701219389958
-31.722170421579 6.74036645770696
-22.4398195328468 70.0357807020299
-23.3601752588699 5.43353675880207
2.03802242180262 14.8484901634005
-16.13721317804 72.4611643591584
3.60306525669038 116.061462428734
8.82717561234058 50.7310918296495
9.80364217724023 81.8481747241773
13.3986223718719 79.200350943183
-17.5421110819544 69.3134968056139
-16.1396914644968 66.7399216548872
-7.64726112472261 -12.9243835466314
15.4320245762975 107.301606140412
13.2725018690321 80.5054765200017
13.4578950377813 114.525056220553
2.03155424925722 14.2068829770181
1.65806397188406 15.6692139316597
10.601634967187 110.987669389819
-14.9682453483994 71.8349107914181
9.23730373264562 110.178487974175
-24.1428424956693 36.3749717166543
-2.77193468472537 -12.3857754579289
-25.8649881684537 34.5899443048029
-25.5639452683305 36.3996570209745
-16.2728009841088 72.7588926712921
-17.4326573735097 70.9058664617017
7.89338189513703 49.0407353930913
1.43238138269301 13.1966992196676
-0.274702927267443 -11.2143476159101
8.1266045660722 81.6293695694249
27.1735062469842 113.148532369335
-27.1276160724846 5.80080473822896
-16.9988043226721 60.7831167976327
15.7491440999522 78.3385047301703
5.66764875857853 20.1263189849906
10.7834991216964 81.6140603986807
-0.48496652777266 -12.1170176288009
2.26492056094071 43.3389223485875
0.766135562688598 -22.5069166119674
-21.6745038418727 65.5147857759545
2.95812926658638 16.8615980374089
-18.5505437443959 68.0410267747559
-15.3315606066837 71.6495023092632
7.70636283084741 48.1162202065268
3.39320748100554 111.105563772271
5.50394190736908 48.4483157984293
-4.14741137661414 -9.97198140004692
-29.1653726680268 0.776631353405639
-31.3441249883547 0.337340140503159
-4.24903072038708 -15.2693718108879
-6.68557378588586 -20.5788121110823
5.60612116199883 112.197144086163
-17.0875575556252 66.1942384042896
30.8423517755625 120.05617029054
-17.2699881043307 68.450897166467
3.42286569339419 16.508745791692
-20.8539777832713 65.8791645232574
3.4954465316534 50.0882126336488
-6.47855585436609 -12.0908774027392
-20.179301172136 37.7496341608407
23.6169843312061 113.192882946389
3.89662106799881 16.5172989705616
1.50858563225121 -13.8223732924983
13.3846216929025 114.320612629963
-22.5287367014074 33.4114936803338
0.497815832947584 107.748466673383
9.64864550415949 44.6239363838488
-22.880429415948 73.8110883975575
16.460491912561 79.7615935037112
-20.0650328065277 35.8068734269217
-0.456190525712398 -16.2302111848856
1.07937004546985 14.9554124733451
2.24213220767636 44.0603546821633
-27.8561044961859 7.64304053785254
-23.408126835308 35.0278643305599
-4.21718958635957 -20.3759103197343
-1.10527170553276 13.9872228639696
-25.640779233137 37.6890281360224
-6.30593017509522 -16.5262947293894
-23.371155338499 33.2739114902595
-29.2591941140006 6.47589858464154
-23.3008157447376 33.9825626978752
-2.90707203873136 -16.156169215221
-26.2737349925176 34.2782304597432
-5.65860082809781 -13.5876296919707
0.740887010076795 47.2047079701282
-19.4860236961591 70.2959323424123
-3.79138965365169 -22.0309922192852
15.0553810642847 109.00139180771
13.2173962764856 108.665763309078
8.45921908519139 45.7009307714303
-13.0962555442503 64.9818924217354
14.7745686518796 115.538353912857
-16.3963423060038 69.3904342026052
-19.3879451660913 35.1200935541783
-6.84342334277547 -19.1927080184726
16.9621743445239 108.656899909577
12.4797894781344 77.9106147773034
-25.5857391001227 40.3250476336742
-27.5045584119341 1.74271214797287
-19.4308784071991 71.6968314330951
-2.68059798622604 -15.2200876438172
14.0017610492395 113.722797916126
5.39139537378052 17.6437905469953
-0.706273668565071 15.1636192576608
2.20961384572249 -17.8207935771297
13.6648775334716 79.6663741720526
12.7698520315927 80.6796628712494
-27.9635863553782 36.0682631802421
-26.9475188500938 7.25714800831688
-6.1369404990655 -22.3471222034964
-15.0145009157868 62.4047109056498
-21.0982698443459 33.8969173559164
1.85534963896859 45.3147140625894
-0.211574826132534 -13.4988586654221
0.653436191635374 -18.4863861775844
8.11718104582485 49.1289495919249
-21.8582319547188 74.3542012383257
2.86705568564865 16.228198391576
34.2815877765174 119.827292999911
3.13996569478374 -17.4060776322881
-18.4619848233713 64.7722487168324
-21.5169301835798 36.4326370279297
-14.6734426534365 67.4287482512816
-0.0204254921457658 -16.7764793618361
-21.244741726021 66.5663694647237
-3.1397598253156 -12.2172454635667
6.00989059206631 19.0517096029615
-3.6235518049659 -18.0181024593935
-31.7358057486349 1.60574061434736
14.3414557873134 114.339664954017
0.124700679924089 106.829200905136
1.12136386042493 -18.18559481311
3.997502265821 17.2449947746283
-21.1733318875138 68.7996261713173
19.7576127949902 112.726651745076
-17.3889603390223 66.9545380739664
27.6394409768147 112.313177225257
-23.8207471954881 33.1626727658162
-23.1430480500048 36.149460390878
-20.2948834534773 70.5179840428714
0.233653160261793 -16.9253218607149
-2.66963641400046 -15.0853319758167
-24.7654863252262 37.2067551209296
-19.7291271652544 70.347411202095
6.66437974148919 49.6672807849824
5.21267211452043 111.903117055025
-0.796275078882776 -14.3363573315447
14.9707757624116 79.7394521646705
0.78969138308728 -18.5703440458035
-28.2498784619956 1.73954218533788
2.76085952619007 15.0249446366594
-5.32146671360314 -13.1040348920287
-18.6708157298915 68.6261983082509
1.45997233207493 18.0633405665973
-3.94213894384692 -16.5285693115184
-23.4432493736967 35.2685350989607
14.8619627047781 79.0692402904022
12.9656580073735 80.2614628488708
10.5720750482232 48.5235289488484
-3.00886143639481 12.3746134118428
-6.36848024233999 -15.7034508515791
8.2265535561927 49.2459221165943
18.7297021188088 115.195195243055
-29.2457141624375 2.73469209885824
13.6618217167225 79.0137496832727
8.5319665602011 48.77317334019
-19.9408676915463 64.7080625257826
-16.7452072110506 65.7572819847131
-5.31472815687011 -9.52008652443129
-18.4515720627925 35.580326253712
-25.1464271845812 3.10312686763364
-21.2511423458561 36.097142044913
-6.17841924842771 -13.8870639464242
11.7302903060102 79.9278522833528
-6.13662190597172 -12.7698996462297
-3.0005203239602 -13.5792239474133
12.2772369323892 116.208104036217
-19.3322503406512 37.5891393727659
-3.60992570402222 -14.7944283921562
-4.3827935800506 -12.6408665076782
-23.6696654205096 28.0708613029038
-25.0978524395123 6.83218226476103
-6.7476537127653 -14.6661393723141
-28.2491732074169 6.64009118815954
-19.9285629687821 33.3775628270725
-27.6103925728999 3.68063916820218
10.7154137793775 79.9477399842135
37.2919235120204 117.944429823449
14.461530824533 81.2655593005673
-19.182770808196 71.3191016795645
4.06525912626849 45.9485778135141
6.30016721912706 48.0501141056904
0.484338707571275 14.54561630126
-19.5833727008732 72.3717503147694
7.02604274182698 81.4957043947376
15.3850507905024 108.519259163424
-4.42185095504502 -10.2508779940279
-19.0181602579083 70.9199773710711
-16.9857123737961 74.4611431762768
-29.492905769417 2.15633586760982
-19.8068094193204 68.4592915362901
-27.4541690371571 -0.478370690843414
12.6509248575453 111.64833203211
12.3762979271961 80.7266294983339
-30.5511495457719 6.04704353601094
-1.44587258033835 -13.0069318494194
7.31128264221919 43.3641706135808
-18.1289852443272 66.791106792771
27.1940462208339 117.127068098943
-2.95789746357458 -3.46325133044081
8.77639236827664 49.6943285953449
17.7876402439535 108.401727788892
-29.9374170981344 35.8298623335939
13.3365553434336 79.3157648216997
-16.3946397214884 68.236172466372
-23.7962758678457 5.71970746987802
-22.6425947475929 35.6921458430206
-19.7255475810675 70.3431082737328
1.02665120225797 -17.3045257216757
11.5649443364343 47.0082863090627
7.94370331487715 49.5729010318282
-4.9909600586159 -22.8482816045315
24.2069219144296 115.032154579615
-24.1233670648873 34.5379198583165
17.7770382996617 77.9803118865969
5.82891802148257 45.5836385107193
-15.6173647905149 37.7671430907698
6.84378551551687 44.1197886677686
-2.1223706590505 -21.4512894575329
2.67125846516016 16.5503130344373
-0.847813810437029 13.3389566486113
-19.746199154537 38.4437502725989
28.5763933159533 117.236371404249
4.19465301806681 45.7897140348687
-20.8698746611539 73.4485330216072
22.2077117736537 113.786249533471
4.2295708225328 19.1302027168732
5.13220374128085 111.946607604662
-19.9266899974477 71.4361960723302
11.2746767656565 49.505317202732
5.45493713471894 -12.5958061602377
-4.15327339911021 -12.0078973462471
6.82092644053297 48.5067732111115
-16.9992159500852 61.1330956917563
-4.07613479705015 -15.6319562801765
-0.315104465447439 -17.2694291914665
-4.3330504901008 -13.3064271041631
19.2514794119117 114.680594585154
16.3056879843196 78.3828281663711
3.60012691631741 45.033018991372
-19.0988104270839 68.2742347225491
6.19247063422922 49.7806855493011
-14.3154255191822 64.0598402981051
5.58249091257365 46.3148100505328
2.01861125087262 12.0688188738682
-2.82238214508637 -15.3838361185185
14.4993535588617 81.7670432348745
-20.9999172617841 35.1309409239329
-3.37932628518763 -11.4471860388917
-28.4724985452734 4.82747014725865
-4.50300227885026 -11.7524232191166
6.33379026441179 18.4409643388352
-25.1295729756363 37.5749643711385
9.90727914980931 52.2412184976932
-30.5669700089048 5.38239311235972
-0.0568724428314193 11.7343857295647
-23.0913300737346 2.40253108255102
-4.094138088506 -18.9985093979887
11.0792224143146 81.3341608284432
7.25311335615689 47.8498386423126
4.87570428268962 14.2778016231655
-2.07526120615661 -18.0385081497748
-4.3560766158877 -17.528454928126
12.6877183864707 79.8882484957342
-16.938116113889 66.64575875774
-2.98438219915993 -20.5333601407429
4.69000209115515 17.9770662556044
13.2347288304441 110.010499232037
4.18558536792082 44.7019767183669
7.2683989089375 48.9416302355392
-26.5749644082908 35.3183139012122
8.88797633922647 80.8653610273345
-2.97535682015564 -14.4275736568197
4.62993610289305 114.767153945068
4.02588469596596 16.856882740621
10.9954762011224 81.7079414116255
-18.1095394266913 70.9396407746395
-23.1614596311712 31.2162816770353
-5.60193213607429 -15.8337102819798
22.5599866361974 119.112342802816
0.802178859672046 -18.0280855119515
11.3497737049241 81.5897346383656
-13.9473690168157 67.5249295428344
8.81742972624417 113.708653860468
0.372724018797591 -14.222664906167
12.9619968645045 79.3380029478042
0.356856346841763 -16.9135243394536
0.190665289768804 -13.8198983179645
-23.8691385282719 32.7723719456831
10.5706228462508 50.6936514596951
-34.0138243231283 4.75642261989349
-20.50679077846 34.9610172803015
-27.7599313908117 6.69898996737843
-22.7700083025284 39.1505300993433
-5.99805122739913 -21.5022606225049
0.821918528321764 16.5901579382146
-29.2306607640079 5.47295756979755
-19.2829515777241 71.7158369528118
-25.4652397056006 0.130633190793803
6.99465840189296 80.8213843742582
6.37701713054152 14.8611510053575
-23.6362640017795 1.09652565200167
-23.4767766928082 34.9395777468099
36.5864625502757 124.027929790175
0.593445923979002 14.7426933428892
-22.2706850855395 34.9587651699516
7.60298679020177 43.4011143746216
-22.7622966954173 37.4552579317188
-16.3598532135092 67.1834645995497
-2.2887788335824 15.2504735679981
1.07191747988296 16.0065274140979
5.92160131417423 46.442673315539
9.9136880741945 106.835340943299
2.08012840322776 11.7474566783064
-29.1030426662188 -1.35671575182079
0.901411075313714 14.8666881748619
-23.0250435623035 40.5655392888855
-15.3310415850868 69.1123688236346
-30.5435690422665 1.40586166774091
6.11539827444226 82.4387268681731
3.50007045415951 47.0388464354898
8.27086323476119 107.148998508552
-18.429075776656 68.8525317558469
-4.2981127557317 -17.4723666485204
8.87631714648262 49.8312457953451
-0.932525425715968 -18.4278988135459
-28.4146037173262 2.4477549365206
13.2640146399994 79.8703548460893
8.64222359096684 82.5805417616744
8.47184471774924 46.8499731566645
9.26116995063543 44.1173536135888
5.49790239525094 17.5757576925856
14.4714758065467 80.6341477037783
17.3044672280777 80.6896239237052
7.54201951261283 48.1375118028241
-21.4620824429812 3.25848741824048
-6.45131963364 -19.3366845363217
-23.0234743050821 34.2717420449908
-19.6113392052662 67.7598682873295
-1.63817672238909 -19.242855252522
20.8467722038371 78.2922517686295
3.38304183442336 104.370089267307
3.16966046002355 -19.5982729417468
13.0104734622438 80.7881807718229
-2.88020105632351 -18.7996554770138
24.295845254362 109.911099618686
-4.85181735175355 -11.2327404999111
13.2752438217907 113.080395770516
-24.422145797935 5.22302679467201
-17.7936732708857 69.8770687142221
12.704767324794 79.2103788618802
3.69217489653777 13.5788879646333
32.1216219903365 116.531615005509
-15.9519844149248 75.0571667664332
-2.9057260636434 -12.563400109545
-6.33999553455817 -16.886973795015
12.0601005889268 104.848616622507
-28.2837347734155 2.8748005100203
7.40434164778195 82.8040091823851
-24.1808302609498 8.5793460147061
14.2337811121394 78.9141158764655
10.4780866154181 82.1833647916823
-17.0668644793205 71.7774902333746
-25.437718889624 38.7870965193152
-0.00173088506108199 -20.7688519592433
-15.4221927059103 63.7235720042087
2.01954332467558 16.6919728260644
-12.9327355895442 66.977976014271
-20.0489187929066 70.1613412781571
0.767971312363812 -17.3017797116584
9.33906542959421 47.0817640622982
10.6296373315681 50.555141631715
-5.66160833353127 -18.5316308202184
-15.339967442459 63.3655529764
-26.2754992138951 -1.905403520159
-24.0192914743507 35.877002240755
-23.8847352480846 5.85178213858074
8.10179506587613 50.2375700057847
-29.9354206619619 0.878716705965477
-22.7109426899187 30.8681550614481
-0.226011473305657 -14.9300815380866
-5.91366339828914 -17.2951056556547
0.94501958997982 16.7100513479065
-1.46813974028176 -19.4953928132986
16.6468962646162 77.3845835599924
-29.5491609496561 7.81767949473516
9.19161936827272 49.2738001996279
3.42068971443713 48.044361301097
-2.36085260882338 -21.2797147675523
9.55274059089554 81.8668157064155
8.47567955627548 50.2550273625978
10.9751169794188 79.4584112041801
-5.29426638863779 -15.5376142983602
2.72983647255487 11.9364456620844
16.653079546799 78.6508131153936
9.54361539837886 45.571965147223
-23.561168575894 36.1156046137472
6.06741702148795 51.1450280669819
-0.161039010416164 -16.4539721641768
16.2231264428298 111.688371723375
-3.09194841814376 -18.1098710121083
-23.6334577710641 33.3289853984985
0.282234673633285 12.192601568999
-16.6010925246423 67.3745389534608
6.75541378179169 49.2090751732514
-1.69255182364734 -11.0839641334553
-19.6861381580739 60.0414251465662
-17.3859947252643 67.9941187260354
-24.0911596166659 38.09022769403
-6.62459180612368 -14.8794136671188
-23.399569293513 38.5550819961878
-22.2700719349307 35.9227046662245
13.214939916149 77.6540489083985
-23.6693692097828 69.6533812622112
-20.6676024313198 36.2398232557768
-0.0603754890051471 12.2201306607852
1.04937288465695 16.8161555578294
-1.03144161604826 15.3100589783441
-29.2174217711426 4.25649474254556
-19.1647491369583 69.632922157571
6.26867641588286 51.0470250292692
-18.5859379106899 68.2364162208887
-4.26121891075555 -22.1124304829127
-2.59826829987632 10.8518404858107
15.7248072133111 80.4046282177642
-25.7588225892263 36.6996129564935
-3.7225576291758 -18.8468226048489
1.60691519216521 112.541986837112
9.8693496667039 47.1981701204132
9.55058155678744 51.465913472207
-3.14770994930782 -17.8306467219244
-17.7986197996603 66.2385722359217
13.5997776148268 50.1906111673365
-2.70172902678979 -11.6782202953593
0.0747750908491378 -19.0699651371601
8.23425838237672 81.8289045416563
9.73933118046066 51.1835133173727
8.85138888780387 81.0743128451059
7.46735687676524 48.7275015538043
14.288512471662 79.954736374006
19.3381944391309 118.982618415963
6.52560796119477 80.8717404893987
-31.5113713485404 0.161192801980143
9.55335569661172 113.48866291416
-8.47494008550403 -17.5999598281778
-23.6048037754597 35.9453333976445
-19.2352902044035 71.9913783529818
6.53399672084365 46.0117887933851
5.31407846108164 18.174476494163
2.48513734493574 18.5716270499837
13.7628511591079 114.126237392674
11.5206987216898 51.635820848564
10.5242772722126 82.0074703305148
8.19351758689318 17.4472057926098
6.47144903775645 49.6279688167176
-16.3607293624592 68.3829152647823
-24.992498763031 38.5402759745387
11.1407653765793 113.281443258176
-7.14972713922166 -15.412816926041
-23.9646009635641 6.5240081610255
-22.608657678115 6.2109513275276
8.48956005622337 48.5609626592525
17.0206703420502 80.1805621244364
-27.3398594666997 38.4189494182549
13.1784567180974 79.4825398166616
-5.82974376168955 110.329697862871
10.8245918331191 48.1571383868876
-30.1743151043259 3.8875218667282
-16.2835415927765 68.5819164463431
-15.4924016641263 67.106888626986
-30.6542541515126 7.61806944227279
2.34012488252282 16.3983121651863
-15.9159378221981 65.9131944123322
-17.0880677734509 68.2803292134524
-33.0739355970163 6.20144704285025
-21.1217641194734 70.391974535246
-28.9915700671098 6.56496998580644
11.1728732592854 81.2800262900171
1.27375991111318 -18.9832083481773
6.80829089038105 47.5405808744103
13.0662826644219 116.50453304489
-26.7897121905668 4.50688505589537
-17.9378250549498 71.7462633369359
-19.5423497111287 35.8301113879053
4.7782061557623 20.060294879438
-14.7387823499834 68.5408496429368
-29.4387745432622 1.20121647214845
-0.911617478757246 -23.5243348015226
-21.5179213304459 33.0158379911298
-5.04380052707909 -10.3550897659093
-21.6968381263552 38.643888645127
14.5194347900247 81.4419586193669
-21.975861030885 32.3919412229495
-31.5844440143506 -0.952469319183985
31.8921495903695 111.982241927242
-23.1547964594251 4.00050957816281
7.41048812874875 49.4542765072981
-8.18571899385174 -17.8672160316294
-1.96738169989035 15.822905548682
-4.50852575715038 -16.1256183227003
-6.94234441475664 -17.0089025474307
0.249399823371464 15.3454671000461
-19.5360922440138 36.7462621139143
-0.873776361915059 -10.4051181875409
-29.6246249013022 6.1562061898137
-29.1574042422056 5.20833448188558
-1.39545907016273 -16.5344026392659
10.1863108875637 107.474083439613
-18.1137955821731 67.0865480946019
10.2560303954821 45.8250596867571
-28.7509870951949 4.58078659587939
-7.47175196661039 -17.4969746658566
5.21277085964564 19.5655234979581
-20.1171196448723 71.6372378336792
-27.3403885785159 3.06802241154344
9.16116853376867 49.6768789850538
-26.3451816332294 30.9451224543416
-14.7167528858594 69.4326821369274
9.00601736536832 111.486104645843
3.26736095171711 45.3209057375455
6.7055210161922 49.4367436752076
-17.9880732204211 72.2377362385459
6.06809478017636 45.8875764922483
13.4272048852382 78.9162529276188
-3.05624221156364 -16.782299155224
9.48587674170331 81.4183081224286
-16.9483490723352 69.8115547232087
12.4101484601405 79.9077252043967
10.5186314364026 81.9267576377909
0.3722377277332 -13.342950151986
3.37186565578208 16.1200928526488
-23.3372674252686 6.56679178789146
-0.0081287887404482 -12.6900218932884
-6.35972645119884 -16.2717930371832
-6.81258224425553 -12.604350484823
-4.14783652786164 -13.1872765615574
1.32662556661471 15.3694364649771
16.5175465319259 110.617100948639
9.74040825993585 50.2017666081021
6.03001241863069 50.3430726187025
4.32981260445587 16.7264236898589
-16.0552489979634 74.655154136161
6.0745776373344 -14.3590039184153
-0.910959023333866 -15.249098414321
12.4053066799515 78.6433057303353
-0.880862211574372 -11.0035832506094
10.2252152078664 52.6954928735069
7.55936604068217 46.9159724724676
-22.0041923935524 67.6484214499075
7.25497477665393 46.2070718832903
10.1795348136607 48.8298225698936
11.3093068700211 80.047035850497
-26.5394016966368 38.6917363363147
-0.164580576798323 -18.0161973193138
-28.2410629071527 7.6990302241857
-0.378364026097592 -13.7000210136228
-19.4537988181861 64.1497994908733
0.337987824082168 17.8219562216792
4.40001673467482 16.636474128013
7.48308456313138 80.2273491570186
10.0452431335521 114.920893266624
-23.2481337118854 34.3810974700129
-23.5840390531543 34.7218876230063
-19.5661118154009 70.1187840931668
25.7426208358108 112.76357192599
-22.7647304383212 37.191688584548
-24.2598536544601 34.6260664486775
-28.9061150603271 6.99993340902254
-7.6060558075486 -17.5752901466407
0.696009682808412 -15.6329398258137
-24.7843967109176 35.2527915856709
3.0971129648929 -11.6334636593856
-16.3311773275504 70.5662460404006
9.14548592474452 45.2831821340968
-27.7911372433484 3.93026554787238
-0.136942630221486 12.8033777550682
1.94295251444831 15.5493572835003
3.69117604518664 17.6389799779083
6.82738164409131 17.0679784380408
4.13462513586921 15.3906404106906
21.0228941983591 113.563978820061
5.56886197081096 114.148284363261
8.98702109337573 47.8425370482653
6.54012510929283 48.390507633177
-5.66598235821509 -17.0622224193962
-24.1889613420283 40.7980633339908
11.1690447371979 105.394354698982
8.41805159189299 49.1032605449434
7.92374387068192 43.8328184334229
-26.7165687451318 7.71886149370864
-30.5365645371794 1.7402911089761
14.7673146803202 81.9590145250065
-15.9782438591578 68.766391708215
-2.43076225221071 -15.8988159429221
33.6196168615354 118.807196242464
-25.8681223326962 37.6209174010749
13.2863825649901 78.7307151995527
26.8101253508278 121.31998024071
22.0126447286824 120.340186937102
-23.3769230682001 33.1821426823468
-25.8677460164841 1.3652119434504
-19.264298780591 66.4060110494542
-5.42047518632828 -18.1898191520833
4.71494379864624 17.7539978278258
-18.8059402483065 69.5609606598904
-19.096823680351 35.9558349337962
-18.2854226539197 70.5713235708621
-2.92087196884485 -15.7389036333449
-20.2754275823402 69.710262690827
0.0112189499623838 -15.2314683404838
-16.0373915773192 66.7864575527716
-22.0638506794452 36.8808184104615
7.88517991314248 49.762066347098
2.84081241936434 18.1102894317694
8.18772928390461 47.3535822506892
-22.6802935009949 70.6229685114341
-19.7173775349593 64.6805314671988
-31.3007399635911 2.58090301079043
5.04068316593784 42.702887490889
-28.7116264551135 9.72832249249089
-23.0910847712241 75.3946921447443
-15.7532013226658 69.0932236602147
-21.5511240045878 70.8805066384047
-31.1933894314684 -0.669042299264007
-16.2506984453467 71.4454694143451
17.7920666802037 113.406874678503
21.452757103882 109.493881323887
-5.16401317336182 -14.1064159288279
-27.6824204440152 10.3863984298458
-20.1924738756499 39.6166662559214
-19.3264034816597 67.1108177569497
-3.16481192712625 -15.2976124221297
-7.36342657616658 -8.92928687441211
2.45246230291507 -18.1018475951259
-30.3597405279108 0.689346017583614
22.2819662844096 106.578631295833
20.6177053269343 116.777227827792
-18.9228912254635 40.7779398251403
7.5520895751093 52.6968654889575
5.95889681239857 46.9497115740716
1.17742186906253 13.4422251347411
1.51487643147216 15.7648137606533
20.1981878905049 111.351762592605
-3.64130038195746 -17.2807239786963
8.19231192105397 51.8467243688276
0.377882565125692 111.164493699984
5.15741112085835 51.4305988533727
6.47824443975135 48.1069335474078
-0.0693626447581401 114.149539107753
-2.83617018860647 -15.0107142183483
-29.709943208882 6.60841348573812
-16.7480784950381 66.9677363064395
-30.1731540602239 2.79420438977298
11.0473709340057 79.2046898494651
-0.34324325427158 12.6026709923992
-5.80206991516565 -14.6473181974211
-26.8406919031637 -0.833746575213291
12.2756788082267 81.3395894676
-28.1266221829284 3.85630927784394
-21.0812087887317 31.3717616390052
-3.32966507380266 -10.5647776932032
-19.7596160681524 36.2721132446568
-6.11114916725583 -17.5362651540236
-12.6080148671531 62.9595575488527
8.04125743271461 48.8025436154184
-27.6454183854297 5.35712487274226
15.0801667469369 79.7654079464189
-1.71526038773356 -9.50961783417448
11.8338903612328 81.2116796431957
13.0625629977653 78.8725169528007
9.0712105624149 101.900067819075
-3.65700988286976 -13.7179836803385
1.10168405145644 15.1647016471859
-19.0594881765544 66.834123591555
-15.9178581872183 66.9993681620245
-16.0715057296251 66.589190083544
-13.86015258393 65.4584882506025
-23.2982778454706 36.6542566009872
7.77274443873336 43.6558511041014
-27.7897829546088 -1.8818214239582
11.529253057958 107.702306792583
0.786386835478627 -18.3604876146502
8.90291362477422 48.3532299422615
5.33165387580962 54.342213497376
6.58057781251385 52.5477167070951
1.39866439487807 14.3603749877514
1.79084702902959 -18.9364005896501
9.78844504585257 79.5526223859965
-24.0669295139174 33.6585223047797
-17.8012173143222 70.6296464404337
-18.4259428011042 68.5448687671909
7.31891010824783 44.9254747386008
-17.9373396225514 67.8314809654832
-32.2905504936164 5.12200117601725
-25.6446953340464 0.795358716293832
-24.2746437940661 3.70345819482544
-20.3501733926385 34.9823783612919
7.92976521469902 50.5201608776071
1.52077963269234 -15.6824546218117
-23.460455449122 36.8420974699389
-23.4789597831234 34.0722972453708
-2.99519000403389 -17.6966520175156
28.182432594488 116.612324029995
7.0174061222588 110.043866553783
-14.4180584742221 67.3324025420272
-20.383932780868 67.8767388919995
-21.3407095702509 36.7273059704377
24.652367544496 119.168044731044
-27.3099977906788 4.75283008490764
-0.806309149275684 -16.0182253061172
1.21173406886779 13.5603124718181
-26.1785722572088 4.56643948605191
4.0212083319736 17.3716865856397
5.34807120777441 49.2405479544008
7.45133905783504 115.509497230298
14.7035468550607 78.1450780868115
-17.6421584434245 68.4929041484172
6.0888305137735 114.330964553216
-29.9260436186614 4.30248970436778
21.2476328649112 110.430973415368
-24.6681500227693 44.4654293922484
-26.5503379341043 6.41702469380957
3.71236367510864 16.0259515983328
-21.1962945646941 4.68431160312476
-2.72285035724186 -16.7664962476181
-1.49062079137049 -14.79659531162
8.47444232027457 48.788950006677
-17.4020659458658 73.3975882175581
-31.2995931037512 8.78532007885114
-21.6371271909634 33.9572799903914
2.43512193042629 15.1474669261654
13.2161056019882 49.9633845577633
-19.9503120102364 39.0085269312764
-22.0471067826397 36.3222971875388
-16.2039657534678 69.6891023959123
-18.2787851226814 34.096622216826
-16.3368040272062 70.3163693652826
-20.4136833058742 70.3772916586684
-30.1719097896041 0.904251245247434
13.5552602028336 80.736146311597
-1.7361353125417 -16.2663370811717
7.24682015527292 45.4870403083589
-5.10416998733906 -15.8625718243474
-17.5609512771935 67.6126130629102
-26.8294409047534 6.13290769108457
3.30576387972786 -10.916240354729
15.4854936841417 78.9586976553327
1.09498698210308 105.299002295457
-23.7407146933877 35.3616160900151
-21.5725946328379 72.5592392460015
-35.8540497030459 0.488783131086589
12.4335530478895 80.8652392190653
-21.7098239610322 4.04504789820591
0.206536252760196 -12.7132531831152
17.1502546485832 80.6971022118985
2.88513819872228 48.4449303939453
5.43834572846329 48.3710749526904
2.67156458235586 46.83161074834
-2.35244837974855 -12.5409714139415
9.51792856570293 48.1243540218573
2.75295661724342 15.8473984005932
11.0960445853626 79.5458645200862
-19.6039101633849 39.8749789022483
-3.43778854112646 -16.5454530803826
5.152877012098 18.9886459734381
14.6799066935553 108.219469476644
-1.68110703873462 -19.1697065146671
12.4087029561487 79.2320722029764
-23.2695869119995 32.5840607063154
2.62292234226658 -16.7809013592375
-18.5360495425158 67.9809400690571
-21.3863227073869 34.222088113297
-19.2266893902695 37.2295576236207
-25.4032405125222 6.32296437654004
12.7860656686508 78.8650011776722
-1.63869170711899 107.585260341298
11.5016746071925 80.7233895650462
-32.861428119201 6.5242747886167
-16.1354343272084 66.2626577046445
-17.2267802321237 62.6650610865632
10.8908789975186 110.087107858424
9.39515962511381 49.3300873491971
-27.8255719818379 2.88094002303159
-17.9746171610772 69.6777212940773
-16.6564027857625 41.3035935780206
9.80500360677708 80.3743793749392
18.8981245341474 113.949921469852
-20.6728426840942 7.0655673501365
-6.09513284088745 -17.1841504412395
-6.98620536363754 -19.486659411701
-15.0071202636029 66.0352851236508
22.9348732149253 114.082339189388
29.130915677517 106.912882277749
-28.3940950117389 4.83683196253003
39.5139050187608 111.823182247685
3.90332212750353 52.2336462350998
-1.11822969855257 -15.7704056672397
-20.1543495683694 36.4469971707884
-1.43121521562679 -13.0910025044127
-6.6218967826519 -21.50766166419
1.66363139555593 -15.8711220087874
10.3204039175396 47.120397527472
11.8703095532561 81.4664285298444
11.8243927663034 81.0397614456792
-12.8500201831787 69.5585673621741
-2.39437207757774 -17.0555153686945
-14.1510748920878 68.2742417170938
0.281768618003114 17.1073392405848
0.847982992080932 18.4283735690099
-5.13135158428872 -14.9913711665014
-0.139589937625123 14.546734639658
-23.1783606965813 3.75216016152495
-17.3472575952528 63.6458188242815
-19.7274773025905 69.1090482716235
0.961461631257579 15.6499776588361
-21.7784869894309 7.22419576544929
-19.9697876554947 36.8986069320802
2.52068934208422 16.5975580041988
-23.340973776546 69.8249937716305
-23.5101363305224 72.8053938969043
-30.8477295219206 5.8538897999333
5.08362359850448 18.694169025129
-0.166055308231412 12.5275127046757
-25.0482311774044 8.11573267719497
-17.6865131563055 69.5930615478646
5.25412102261535 46.1178949019841
-23.8131785862827 37.0575608952863
10.4372857152316 82.5748743583895
10.2145249017875 51.0487539846689
0.0385509326717464 -19.2020795162431
15.1873842185379 80.6527262988098
-25.4180054079293 5.43775722512178
-31.3964478958621 0.966821323392444
16.1824862792267 113.1872343266
-18.9566493287731 70.9158465432471
26.3690898490153 109.566069556573
8.38101664508343 47.573835987575
-23.2635151980128 38.6404640810211
20.7235453913708 119.666727179577
-20.1652724022023 71.2529343795658
-1.33429270169017 10.6456149844215
-1.10572569577503 -16.8649204635793
27.8301567595832 116.852905642066
-20.9648675779347 32.4216982005431
10.168263292814 78.3991948530524
-23.1100961900077 34.5047002927199
14.65101973361 112.74039800443
-1.24269312844716 -12.8014126563459
6.07345020123249 48.461182787455
-7.03334703160199 -11.0244635912918
7.45816466249398 19.7387723300591
7.82515900420677 47.8130744892907
10.3835076275236 108.519147912651
0.263231019638557 17.3719518212088
-17.75776977754 62.729508729502
18.8843585897999 114.883648248827
21.6943985506697 117.626049363317
5.94494848927193 16.0103220835914
-22.7937702066774 33.3292729026991
7.37116257283852 47.9406503289456
6.89627204220694 48.511797747477
-23.4332380146673 32.8539827442087
-6.6634587218809 -14.1571499575108
9.02131357888182 47.3812496237297
-24.1255638833286 33.8818926790442
6.33545766617077 46.3900017399378
12.2492913837609 47.7932577765035
9.8608964032745 49.4042210856776
1.17229953349831 -14.4510768662646
-24.6386370457355 34.429978169602
6.1815875817721 51.7918536412127
1.5863010539887 -7.2358826952778
-31.1084855724425 3.05335367906981
-34.0536808323586 3.2292901764485
3.45849705502987 16.6558291479058
5.68478998605272 46.085467640373
-20.5856790191671 68.440254931599
6.26476826678575 46.9215032759273
-23.0770573067024 34.6281963183158
-17.4903660095816 70.4019789903666
-0.203939905684994 13.4436302384397
-16.6136955112469 38.1888610853779
-25.2355661551368 11.5015104679232
-20.1683213150739 70.0204811728952
3.39970808916336 43.027220061724
-26.8830389696122 4.84909367917606
1.54412687071177 17.4473238190417
6.87446111097475 54.4405212163777
-22.6185052883184 35.8133456360512
-16.1472384939712 63.6877994164406
14.4124155115711 79.8531586749699
-17.4261058278256 65.8622750275044
7.55980407522465 45.3337280990623
24.2875789051164 116.688771961216
-10.5262770437782 -15.2402121952131
-20.8076218265263 73.0778159909895
-18.1681436567073 70.3548914260209
12.6462756295098 50.0570254021344
-0.0142177804986154 110.816131822156
1.913109071884 16.9005351850042
-23.3385994444262 35.4313303015984
3.57388875447009 -19.0464827762677
-15.6153182061873 68.9415024256467
-0.576917875844933 -20.3873806622438
-5.08871078458161 -15.1624737948493
11.8476020949307 82.4819431619183
9.3875993056153 47.3429152015362
-17.9603235796186 73.0586376749709
-17.9657396291088 67.0446048415449
-30.257327263832 5.26040277357646
-32.7101195072956 3.54597367008953
12.0113211774009 80.2216592627083
-24.4438506648752 4.1615109046424
-9.70440563582256 -14.7062457837078
-28.8604105241859 1.89201443164943
1.07256140394027 15.7482416593901
11.7673985843669 79.9185977764431
-5.11755218822328 -18.3424049672897
21.1405176171499 77.2867909919311
-27.8919470224352 4.51560883323798
2.68627938740659 -13.8241942901732
-32.513639504592 4.7208129777065
-3.65954416935915 -21.6977596014584
-1.64831868147681 -14.4125976589037
-15.464174877599 68.030217852269
14.256006055461 78.9610885795954
-19.8499957118807 68.7386914281619
7.56838258390613 46.5219942138966
10.9838041149792 110.586424161108
-31.8685094297614 7.14790093734383
22.8076601727508 104.831428425212
3.79665146122012 15.3176515537341
-0.939453225163951 -14.0985002041874
6.34864056472475 46.1058617185544
8.86572391809475 52.1254086508889
21.5727864316765 111.92143491355
-0.969194684347164 -16.5607210731226
6.42561147555875 47.3488212137212
-19.9445115171598 69.0083905621241
13.8347294483922 108.783108714354
9.02955108389502 49.658004568431
24.918019780453 120.602923002093
-24.3929717627803 37.0509586065651
-7.43149732851565 -9.05396682082691
-22.8092827821341 35.3554448312707
-0.68610123184516 13.3868313933001
-29.9506815943062 4.14600997146656
16.8977491262702 79.7057350861127
-2.31107955679636 -15.7749985052392
-15.6340919038563 68.555386773769
1.840935563521 -21.9786613205356
2.01147135084747 45.2624607486684
13.8743780211052 81.2066632906731
3.54765359925523 18.7100597263653
7.0310322580428 82.0844648120347
8.56649540879 80.6748979646755
19.899191277139 115.511939856081
-7.09686219287362 -20.409477719957
-16.7401714248166 71.4049719889762
7.29122961881841 45.8465706017338
0.273071113781119 15.4801664902909
-29.0393663020168 7.03989540937154
12.5173920809261 81.3165125030402
14.163107859704 79.750068761419
-11.5047168910505 64.5414225485445
-22.2797644476265 68.3897964060017
-16.802396055006 67.6444140551048
-25.6132431618081 4.34553961633404
6.33722636873834 -15.8619739541692
-2.99475561314662 -21.5927853090126
6.42070669324329 44.0081434234795
-25.3044935374774 38.3014447416553
-24.2491689466268 1.78297981654982
-2.19153899986695 14.3271920075329
5.6101980774992 17.4983284683208
-25.189209069942 6.29535377598763
-2.90204697940016 -17.5975420171899
9.46648078667674 47.0101389282232
23.5456012948816 106.275134502633
-24.0442978479743 37.6720900212485
-11.7771690945601 70.3066002684789
12.3041772289839 82.1928072343819
-1.58992963240739 -14.6275477467849
11.7158152870401 80.8221827333768
15.102265313322 117.032997926978
-17.3614747663951 68.4788359658621
-1.01162454828766 -14.2141434822635
-1.83383213484254 10.9209587540759
7.94228573812325 49.3836740987144
-19.8244087709405 65.3299435653699
-6.17960614528353 -19.2868367519604
-1.13174518768598 -15.3381166110497
10.2342520291799 79.6743766187122
25.5318887365786 114.658097742197
13.2104428047941 112.956423084879
-12.8910650937764 70.5943224606253
6.84377600952995 51.0659587808771
-16.2370295065258 68.8514450901879
9.18729438052037 50.4138782612736
8.86343412005009 49.259755548137
-28.7142235130089 36.2296371613875
1.57720748811065 -13.0987637428163
-29.966626861456 3.4639794365599
-25.3053585230191 3.01647665707405
2.66613502966299 43.9684663429829
-13.0320501937888 67.9599559272673
-24.9076006567309 5.83366641067224
14.6943464499605 77.9284730337656
-26.1446367531593 7.18887275739118
-3.48751784304388 -14.841152746338
-17.1129943043049 67.7619243434762
-25.7826757464412 4.1808718192246
6.39870597424 49.1177144235168
0.501657418852274 12.8492296141291
-20.7247471619529 7.02792869924336
26.8523245518669 115.708101571762
-24.6058137229272 5.83006974359212
-18.7922700436137 38.832003731714
-18.900147047207 38.2476363582953
-26.4195103730199 38.6048354603306
-20.7012378130661 69.0881689922866
15.0227312158937 79.8881302615632
-2.31618245087629 -15.1011279209903
-19.780127920776 67.8882777163252
-4.09617624316971 -10.1222626702336
7.11137784878284 48.9277698474327
-16.9711479073421 68.0034428713572
-24.2127556477166 35.5932093557746
1.67913430470031 17.6352464024745
-19.3516561462224 65.5766893717402
-15.0563914324042 64.4527013835711
-3.23394724382816 -19.1959488803791
-6.81611082881931 -17.763508114111
-18.5358583009294 68.6450342620245
12.4329470782693 114.149371582957
-3.4233505590226 -17.1042598975368
6.3652240178346 47.4738805307044
2.58381283835895 13.111577670473
10.4496571617293 47.0437493674214
-16.4653230961085 68.9262907460271
-5.00494011726383 -16.4476485240955
-0.286228390535589 -17.7276324178136
-18.0049513123971 70.2642116190957
0.609025329447569 110.892586502656
13.6031658061021 80.9060688132404
-8.80395062714908 -14.2056557227072
-25.8909204832613 38.8240775735531
-7.98269742370507 -15.9758493974178
-17.7159833733983 68.7846621570969
-24.3364566873021 3.2250135749362
1.69941716552122 15.653858230088
14.8668311116372 114.782748869283
33.3436883573207 111.393991698226
-20.7865269118044 70.2481287427835
8.64300553158187 46.5108598899852
9.88276411499052 109.281850533808
8.75314245421262 49.2537126296672
-3.1494185817224 -16.6635989806636
14.8857350038374 105.483039227655
-27.0924918361261 7.4407973479653
14.696206608011 113.095192966989
-20.8079659205347 70.0509515902971
8.63605630744837 82.2853171092469
-0.612332511744911 -15.2759894823588
-31.934088545947 5.33638877896807
4.64924062767526 49.2056761384031
-18.266546128602 65.7172911240157
-20.2629309985291 69.6189732031297
-18.6161659996914 69.2172964571429
-24.7038567012775 35.925466249902
14.3100029346584 80.6789585241276
-24.9621717733974 33.2255702576394
-22.2227850771649 8.36333642827277
21.6175225611963 114.722906092004
-23.1530907113088 35.4679631411086
14.025580562926 80.9856967689692
-20.3895951821517 67.4238922139535
-18.4246607443372 71.9470857356868
10.5315179347694 80.6451808821741
10.9868581439274 82.0152267517389
-21.471053155887 35.0833150298764
-13.8664561251164 67.7100984052017
-24.4100758791068 1.60021948914207
-21.4286021825772 36.0276991319419
6.24918617815057 45.3995166291736
1.89696225039572 18.3949570703925
-0.0640672212363862 13.0471144592109
18.5944917145646 112.2816235036
-31.0288250125475 4.41636309452575
7.74550756267794 48.5141882346461
-0.161875979958934 -18.9528096199673
-30.8190845713254 4.38397336995732
-25.3773588254833 35.9930645273234
15.1222953217864 81.8920062642373
10.5748542489467 46.8618425789177
5.69408597315938 44.5556695165966
-23.0369064811184 36.5942739732562
1.12374226576955 14.7476011828915
-29.7608876127765 4.68194503281394
4.21313030146408 16.045430656891
-24.3097474885762 69.564716664381
16.9095194580569 81.1527125975111
12.9198150504452 50.5228234286405
15.5057733822921 112.061569052875
-6.22910699298328 -16.1343532067746
-28.1170938200995 3.75646626147478
4.35808049926764 18.0423522127437
-0.177509620639199 -14.3963748453787
-2.23590161025333 -19.147697813717
1.20399770186564 13.4186536890613
-22.4222147178134 34.9956899805433
1.0446921628588 -15.3300062888612
-21.188006100585 38.4705916520717
-24.6454078724219 37.4282756656386
-21.1523192974012 69.8620482155288
-22.4090667373186 38.2722628531267
-15.3113141562029 72.3921114587169
-17.9674132985217 68.1974975329096
-14.6710600897386 72.8748715135256
-2.89829686799549 -21.7230596151952
4.16299587667051 47.0206029377804
6.01247452911396 50.0331998547033
-26.5021039920767 4.32053799127097
-21.4028303157163 33.7757487207676
-21.5167496088453 35.3295727245836
7.59036212047316 50.0193644520634
-4.35076265849187 -11.7172059751165
-16.3556372913835 70.876106915802
-26.4584456197525 36.798522701129
2.04435309497571 19.2363779921711
7.91845061976407 81.459165897807
11.1363596955378 79.1749547778521
12.9904071153981 113.709472135085
3.95354566725315 46.6995196766247
-10.6073872229266 66.7961265288108
-9.67340707427898 -14.1059064464411
-12.8016290396044 68.6221891138847
-27.7994581416397 2.00004825201001
15.9642281625046 78.7724356966239
21.2639413965851 118.954238959944
9.67904672930515 48.7294065871298
-4.4200817457791 -13.9893438106841
-6.13375713469646 -16.7973053937383
-16.1045942190509 70.9022925331412
8.85285548093735 109.500961019934
0.301328250834361 15.2903392301376
-27.8072758709035 4.45585286303823
-25.4472158903301 7.19141304146928
-8.6832965398554 -17.0682022479853
-21.4530240889098 34.6975771084455
1.6946948901413 16.2420310917993
9.81008003266932 81.8854623199882
10.7741889933706 79.1601308144764
-0.0664353382190348 -19.5369540367302
7.26216779333424 115.737955746332
-17.244742758313 69.484210127002
-27.0876294769644 3.35519031871356
13.2336924303224 80.615516200006
-2.33026826520982 -15.2257062136736
-17.1454754958721 68.3349425371701
-5.32327556016892 -14.3427734719267
8.09389303194575 48.4282439979123
-28.0081363875179 5.47785301077624
3.21310382957366 47.3158139213587
6.57189057058922 -20.4497022589157
-3.36037198163801 -19.2842537323007
6.47812576675455 82.7238897832343
-15.6042354053026 68.3457610709326
8.0301684214066 47.4833870833303
6.46870049064417 47.6371216978801
11.6260422333197 44.6870852454042
5.38563273546008 81.4854677808661
14.9807196862248 81.6327163042318
3.49586072246679 -9.77024729936742
-5.0667975871512 -8.84509475979286
19.8513766356132 120.315474566011
6.42470536609166 110.86739318639
-26.8859793893899 4.57171884225927
18.4740786687146 118.10267352657
10.3565951956544 81.4246983800949
10.2477319989317 49.7144451477702
2.5780473732024 17.6423113117793
-25.4579525741166 34.5867324529563
-9.35157495699195 -17.0229054173571
-17.9738761955033 68.8525014018752
2.82114800173676 107.702392498948
-7.34401763765897 -17.5692463999873
-24.3273997476626 34.6031836480424
-16.796626297779 73.2232561362551
6.88399676649094 45.8108984197181
-7.40718334206401 -17.4600273910045
-0.245472193981097 -17.3947842392784
7.9498123079103 47.6290833189187
10.1904825095285 110.320381707277
6.38552245687112 50.4479430211127
-24.4888753765781 4.61791191118345
7.32390304123867 48.3208268082494
9.46342518896835 48.7057917212852
-13.3754003506187 68.6121451650961
12.2004751909085 81.0108236805777
-23.9687510416397 33.3316320628734
-25.794921706666 38.1991956822748
5.31507518840321 -16.5291251008619
-27.8077007012251 5.00280395754424
-18.71071582155 69.2268938271459
21.8369048338569 112.372473950041
-9.56308562003773 -16.3513004437045
-13.14892435842 66.3004184088391
-26.4113702489903 72.2562707444616
-15.1410327153127 67.6130074364455
-20.7192492687576 37.44238488341
-21.1482099174291 38.6074012503486
0.534982604000834 -15.9074105962547
-0.76853830021738 -18.7113848691273
12.9914927115719 81.7753757605019
-27.8634781079365 7.22612964227243
0.215612905603328 -17.0930227640511
-23.1951319065844 33.1849445163858
6.420817961909 49.8981949912448
21.7085499196442 107.662958476941
-22.7996264665307 10.3619324675472
4.58025619737428 16.5298862153629
-4.40250576222501 -16.1321039520918
-0.849256761362467 14.0768320869467
14.4195615961991 110.853095190621
-17.9551023776427 71.8218792062472
28.1060997024443 121.192316191746
-5.58026746809791 -21.9169567359542
16.1303274466581 112.217834427545
7.81635064028843 48.8616004826824
-15.8756555974107 70.6076512609783
22.081933819978 110.116707195168
12.4592345304403 113.434011870792
0.894364316458469 15.7003920648723
-25.7479253342352 34.2164158051566
13.5666046654771 46.2310807678566
-28.7445269752151 3.86840073243885
12.3398467671004 79.588083904559
1.18544965297845 18.1730975771725
2.38862099403924 82.8322608461788
29.0642153490164 124.978790862364
-5.53416452576484 -14.047668079714
-3.77542734321527 -19.0220974826744
-4.31867400298609 -15.5538662741207
6.44422185160425 46.6836392356205
3.04475959420912 -15.7878724797589
5.54387870131043 49.5715484094601
-25.2971388018632 8.39362030498738
6.99647566960344 107.588827983811
17.5233398475123 52.9893473027172
5.71879218350177 17.1967196257925
-24.9750741409456 5.81299584960749
-19.9344955513117 70.9500065588776
14.6422375630012 80.15078024285
-1.2813700164153 -18.308475663937
-7.52233646778911 -14.349783729037
18.9577159097842 117.750518532732
-23.7838170491732 69.0956958395704
6.40301420313784 16.7121032532377
-20.5678430233496 71.4939765336665
-26.6705263108601 3.18240875411674
1.38521636181964 100.611673859896
-19.9527489293676 72.250414610295
-2.36813431013871 -17.4905471950888
12.5269782414532 80.9666507310444
6.34537197686665 44.3547304596108
21.8659034502507 105.690677684974
6.07851065264379 20.4242020028598
-14.2919518345023 66.4074539290594
-17.4855167953465 69.9202478574727
-26.3718704090752 2.51861509934207
-8.30705161025307 -14.9018159926926
15.7036706801223 111.170958182261
-7.19835429836446 -16.1959892859376
-27.8013154554875 8.41886562887705
9.83157122757216 50.7127027650817
-27.2054834487237 2.89617497832232
-27.9492164643619 3.93503694153139
11.2690535784064 80.657889686126
-21.9173059406864 5.49262676584613
-26.3066141082204 6.93947334330261
18.1564982703212 115.588957121022
28.6338260563669 112.680932756021
10.2056640806683 46.4359661141041
7.68554775555608 48.83739949209
-23.3596311188247 37.5701954912341
-24.8497146547038 34.4080463981037
10.3124555543138 82.582188484804
-29.621716448264 5.56387182176881
-0.824334414145566 -14.1937288956066
-26.4533333634473 8.23857182955762
-1.41876420704229 -17.516382168802
-1.25480029645813 -20.3045943647355
-1.97951119414858 -11.1430786235379
-16.7113739159676 67.735977762235
-30.0600789254817 5.82900733906613
-32.2551601147105 2.40869062599391
-1.45523613832951 -13.2930992771452
-25.6781557339433 33.9849613013877
-20.1186207947835 69.6782725870067
-24.9257926731431 6.16613715705828
3.13978144835339 15.89406935472
19.7550416682683 114.244097849265
11.8513661470828 79.981491343072
-23.9794752749693 73.2447020400394
7.07104644928902 47.7977381117447
1.34698107440823 15.529774140104
-2.00398499677844 -12.1452764655723
-31.9583945116302 5.97746747466031
7.84752529786499 47.494681049282
-3.06862827742575 -19.6942483156626
-25.6895846442181 8.64905565247674
10.8827941735853 48.7663303057232
-20.3794144831261 38.62934545867
-20.2361297329473 69.0356893189006
-4.16364928472723 -20.328946295226
2.08274636091266 -15.191875162007
2.53611350135997 16.4609407784585
8.55714062926442 47.0086872782647
-5.45798220609104 -15.9506855315747
5.5055346161147 107.015552518731
-24.2468834533544 37.1177553720793
-26.8974965611817 41.1922930381816
14.6347356964381 46.9696053693654
16.8867524107906 77.3297846713895
3.74210635605712 46.6927096858838
-30.1760022667895 2.54742735202345
12.3637674339626 48.6445649947284
-0.398833462574147 -11.1940647910182
-28.0546606046954 3.92810508659075
-23.1550683599143 6.15810219664641
-15.0630800346469 71.5121640764211
-4.73161068217351 -16.3901922027506
6.52225589840577 50.9165223184841
13.5578345334531 82.1555876845011
30.6826525625909 112.957560675997
-26.9990414048225 3.85867083921344
5.91484193878943 113.533827441305
11.0527419663243 79.4304257735992
8.87394793591522 80.8629633955098
6.03048051715334 110.969381689567
11.3736983091525 112.487016960344
7.51316046621283 81.9150833110751
-29.7594473202249 3.51741256900596
1.87470278020985 14.1755960703007
9.50282136832871 51.8471847991182
-4.74297938981039 -12.5373617666264
-6.18627064148556 -20.6118310501351
13.1841719854008 80.398830656654
-18.9821365028839 35.1062967962028
1.91784154466849 -20.134091927208
8.82028250780587 80.6360339589494
15.9725312397734 111.006421153409
7.96787071102266 116.72253290574
-21.6630815119215 6.86959004749896
1.78497853972701 -13.3110074453191
9.40732458593273 80.5879408856579
-18.3717140366244 69.9247250460434
-33.7003951074302 -1.08912124867138
-1.98274263562515 -12.4823323435481
-25.9089496859823 37.214894084146
-19.6655001502496 66.7803467389023
-22.5903590884604 31.7903473378693
33.1503662506257 123.11648400166
2.98729727438352 16.5982449949843
5.69860929712013 17.9748216819951
-17.400948186943 71.7992145626056
-5.0513005047281 -11.7779353751844
11.5741752361706 49.7254182465101
-16.3674970858725 66.1988545422864
4.44928746164146 17.4790156898768
-26.4799218700161 8.04170363669877
-19.3942262681335 72.065346585852
11.8513835470054 81.9047733800021
5.16484791510709 105.384444081867
-26.0688965313155 36.113105226177
-26.7090054258167 0.23976547058799
-23.3000663910836 41.6789758552268
2.99195038666361 13.7232762983083
-5.12627224792058 -19.5956323620088
-16.1026565206368 69.5435169847121
-5.19598595565365 -13.168593071845
-14.596002193596 69.571084304402
7.5691170116398 47.2765361912946
6.51128545813475 48.2326493018011
-26.2336282171957 -0.131019367992815
-0.48267734067451 14.6311016260541
-6.55809515068244 -8.79991202384842
7.51725565736554 19.3369054218867
16.7581268609147 78.5869717341362
-1.66321444412373 -15.6526356931062
15.4680011358301 79.4459613701995
-1.27710766453257 -17.6454059748308
-23.2244068974371 38.2083491430084
8.75123504515458 46.8212528029307
-4.23073428211332 -15.6892597593076
-6.55835055731738 -17.5344411032219
12.898215166845 81.6079134720796
-27.2126031669947 1.36327675362321
-17.866353821509 34.915014111449
-23.4965099357615 37.4061242563712
4.97225666495343 47.8949319963028
-25.4302971155366 5.82591429885001
