x1 x2
29.074855276069 42.6701742649217
22.4297719019243 6.14757355722054
31.4573067847625 34.5165217461353
17.8703312465682 -6.37910829990264
42.5592811904375 61.9745153719131
43.1694537463321 56.5863420005175
30.4283670027377 34.6813747875406
32.7681770683435 22.3939356386251
-6.713309508604 -10.1663953993029
20.0421488010393 4.32212065403803
38.2736176085546 20.9238825664353
12.5560964498725 -6.51312078398775
37.6151916176793 28.957560898285
47.3528630023307 55.9896370345387
15.7890989489599 -6.82132651686196
32.0925487416244 35.9542458809975
39.2149084652212 47.4406226590073
14.55267290035 -11.6865200763267
43.006270926224 56.9055233767771
38.044762310767 22.1864159025907
-7.71713767142607 -4.84023458690073
24.0998728424709 7.33319597451088
7.00247799096787 3.87765799069643
24.2331542887579 10.7931018992225
34.4299143241336 21.9219906161669
19.5836943492244 29.1085086656696
25.9010001868139 4.32017690546292
33.0036104123998 21.8379464730717
43.8954488256841 49.7175951784184
48.9394684364768 55.2132161537374
15.5008163672257 -12.8142467298659
22.6878878779124 22.975494440583
16.4311355754939 -7.07919379172101
10.3452055651387 -6.29631748456134
-6.54193074044746 -11.924991076465
19.3282253429433 26.9370700397395
4.18736698680291 9.44606771190112
5.09869007907392 9.82799890598731
44.1424323373559 54.6001631893644
25.5885787074236 4.84177174742277
28.5884526676192 40.7357775431014
25.0613323812646 5.93078266328197
0.199907818872725 -9.70375005729062
25.6246530102223 0.418448900482232
-3.77478107549985 -7.37502926299553
7.69042819774576 5.07160356321242
42.0268732491068 55.4830925416629
30.5763295963578 32.6069156870917
19.3846866037999 22.6170342668691
32.0867324398814 41.012594790059
40.9587092027195 19.5054285925267
41.3504908276776 59.6019130105191
43.2391949659099 56.2932450833472
23.1261484422383 24.9652697660132
20.6973953467338 20.2260479066707
32.2253502068191 52.8030466308595
7.35259997003214 6.20875622417724
40.7183648239787 53.2113363563048
5.30552434535914 10.0398371168567
14.8773538818157 -10.1425842276699
42.7558129369374 56.2535751257859
48.1168982410069 51.3971358870993
25.2077198084841 45.1377011904149
29.0281019138031 39.5676529544946
-6.84349247873122 -7.33692010318168
32.5067322372719 16.430381035044
3.47766503099624 12.2053927102363
37.0602233521461 17.9859120411041
7.57481148777252 6.18985738803794
3.50524865877821 6.65470740986256
37.8466412742053 19.7096087326408
16.0675031337514 -7.64764196105029
38.1332188664106 24.1439079491937
37.8936210348098 61.3095683874166
31.6991357482608 2.56952486389921
16.1942860445811 -10.1252211527508
30.5684627599615 2.51514411536352
-13.6854077980258 -12.051247630748
41.1557457599051 55.7030854680814
40.4797504369069 23.4950278204337
12.9328785765633 -7.66272251947143
0.232110970926004 -8.820271247028
34.2725851072341 21.0696483034614
-2.96031185134213 -7.41484676647418
35.5699395416538 58.972992104567
25.8723682406559 8.90090956734408
43.742435820277 52.4809535716741
38.2254365637932 18.5765425288928
37.79001773135 20.7185163867665
12.9392488374143 -12.7641314293579
15.398399726452 -8.71196347528529
28.968953242133 42.7581222408877
-8.84807954049232 -10.0293574101346
26.1725891079964 3.47274744244481
32.1007727283199 38.5412468629492
25.5226422639634 42.9455478251817
27.2866680064733 41.2306388019387
17.0847117015345 22.5025601706683
14.8322899291412 24.7845099792035
22.4861058673557 6.55486281994923
34.2231426960197 18.3658740358841
29.5263629139942 6.95742756770072
24.7434616384597 9.29120777515779
12.2853936173983 22.3438680852834
13.6741230308241 18.6648510422296
37.9553054524878 23.9215138826879
33.5285474087647 36.302589733419
28.296922851042 42.5156817252146
24.6592858157386 44.3644164041716
7.22588073888222 -11.034536120576
16.5555227248947 -9.80408799926733
6.78251626593023 8.5369886774358
28.8762370903657 40.4386956651517
37.5525522230289 60.9720397020307
42.5913016586027 55.817666734877
38.0521768543253 53.2711223844315
31.5019987737449 35.687488160559
26.8720302393563 6.54642894522238
40.8717856150916 53.2129096354376
19.9962853689358 24.5643505557322
4.31297017746054 -4.64618913743725
9.62438525826736 20.9834828146721
30.0027165265145 37.4994385642051
6.86427490308688 9.03929235943204
28.5588157498502 5.60405983987107
28.8630038495248 42.6411046225036
21.2308107757168 6.23196969243206
35.3927038086071 18.8510276356198
46.3105470157861 54.1028433710666
-6.04531639000886 -9.60042060074161
40.4432147275009 60.571282973808
21.9509248667079 8.98579151617897
-2.08780275591177 -8.44133726753137
20.1607807295041 27.4284756253193
37.6113313321167 20.6282365279356
28.425183687532 44.7631125176906
14.367947713652 -11.8523988053666
18.7875447372986 26.0086521023268
5.50896107531462 9.59276150211262
22.8894675761027 5.98328387455407
12.578803046745 -9.72331212939153
43.948537400843 55.7174205426882
42.0030723102318 52.7085540722646
8.58208460734974 -13.6961610156644
47.0391574099615 22.3779033097089
22.9758663125345 7.0562499106555
-6.55188923613289 -5.23037075584338
33.307646728444 21.1876510668479
26.7908405331236 2.0314536929333
34.1018212244935 20.1100168693416
-3.79230932705314 -6.90785532847633
32.6619684879401 38.3519599170517
25.9148484751049 3.70914963401695
37.245782151961 56.9577746855155
7.62549137387492 3.40540770724263
5.19177241713503 9.58606672696925
38.7264319410203 28.1289945335892
14.1115759272059 25.6170183071482
6.16591075041177 10.1394674168803
26.0916769093782 44.8590626679415
7.80153268139439 8.14771485368729
29.4950194262864 40.1532825514933
18.5491439781725 -7.70474741639199
25.0622466762282 6.1032061588974
37.4899582021049 18.3702897346889
5.25595547288112 7.42064602007356
-7.44848497499983 -2.19595974181867
41.5599625524321 52.8105421390263
34.0568280690294 38.7045150013194
5.53097803190838 10.7662265299791
37.2583356737811 24.5645417566324
13.2696971333604 -12.2951052551719
48.4605052395518 57.0158599499253
14.7738505092125 -6.46485437855276
5.75579038078941 5.66294384997891
15.4128991512057 -9.57938149182139
31.5754952700929 35.9867130087605
29.4218238073067 37.7611183610014
8.6583609224776 -13.7582927588575
15.4618229719018 -12.0438962487194
-4.9269007539749 -9.69671729712278
10.3215607197199 21.3962754780146
11.7133647311439 -8.11240669267711
28.9462858320683 42.6292031316465
26.6200573884594 7.17391052812926
16.5142550681024 32.1738064927286
41.9909391586204 17.019330692448
23.7383811296719 4.05802452552008
36.2837250108114 16.5334373132149
26.324676650702 44.9283600668823
14.4627202115008 -6.8528006475929
31.7084241863765 7.65527163670971
5.16504353222198 7.98837232445769
25.2885769701042 8.80528743495902
-9.72427940929335 -7.32304460059096
-6.19688972676024 -7.57368675603089
30.784379829501 38.2535376981468
16.5957766262669 -8.71392898542892
41.7898736782482 53.8905082098634
22.8845344112578 5.42708253622307
44.7047258893681 55.9796017499454
23.8096916482778 8.41605049641721
17.6005639371352 27.6832109628695
14.9644869262747 -12.2420276148711
25.8400509771796 3.92112511474117
5.04116148349088 8.77359713594267
29.3128175776128 33.9817067142671
43.0007181443006 54.4118572541329
-5.1245576567552 -5.48951096716772
29.1625252736052 37.6637138799755
42.5520662035732 55.515466417412
38.0386709665078 55.0376107637033
15.7190525619838 -8.22964079544393
18.2383795359665 26.0939201180633
5.67764598225852 8.06505840764182
28.0829586196049 4.86913702370319
4.6048553056705 11.139729896288
43.9484205493274 60.2913858341255
25.1670430148719 4.42698273766085
44.81280396209 58.5673665288686
-7.2418473314907 -7.50334691805056
-3.22532069686837 -12.9727369390192
25.8981599533654 5.60985735339579
22.2423876601477 10.7324878321583
33.176692786355 44.0037262178225
28.8078036076512 47.3543546994527
41.2891797079499 56.6540432943074
33.6206595255961 37.4933765044036
24.8882860646681 3.61985120428565
-12.2724511129932 -7.95174801548009
1.08436205116776 -7.18099831514199
7.51592647804522 0.494930305147019
24.91607747713 4.18818867444765
-7.85527502190078 -5.70395155739433
18.4714165509762 5.64183413246273
43.8296877389301 50.047156166444
33.6861194145987 24.5477589578558
-10.2197974996921 -9.92331858422033
42.823646582216 51.8585338939178
-3.07487004395064 -5.9680977419438
39.1053226118655 23.5040120528168
22.9700749613695 39.806584578358
21.6479314470034 9.17411583622339
38.8440709959256 20.9071811698653
39.7831580635231 26.8544400520868
7.46618078214631 7.14943490881608
29.7233672254467 34.5925714616858
26.5277635395039 37.7565117092827
33.7810513114425 41.6808711252751
27.3395881661634 37.2591136264254
14.9558729099904 26.1485775719892
24.9203614986474 6.5637577184782
29.8182921087409 1.95547478445228
-6.39080574323682 -10.2884023763254
15.3829217295952 -7.35555171149765
6.78465999450329 2.5720754975867
26.7820610889503 10.0928461516927
27.0086813999854 40.5739829040917
28.3159230619642 5.87381595209284
25.8796284208702 41.2192139514955
23.3596847460395 9.55461078219136
40.3313005196757 23.5391374083302
17.8135071830569 21.254627100301
-2.4593759391685 -8.3278898688002
39.129204654162 58.596962753456
12.6500188889488 -10.1929739129207
5.8382133425249 6.48898443001327
26.2048147716743 2.67324112094539
42.3277736856628 62.6653749954751
17.6733386389892 26.5605442893729
21.6429459195377 0.115791911634272
32.1750194233561 40.232826490722
44.2028598097377 60.3303495887913
39.3688209615233 54.7539442198647
13.8867502011154 20.9428266927694
-10.4800444233704 -8.19510096105749
27.8624802094139 40.5349881756163
5.93341410795117 9.20585731309935
34.3086314658708 19.4394719559427
14.3775846060223 22.868927686287
16.331022918855 26.3388402978026
3.77535014048509 -9.3626473692409
42.9199294462551 52.5466973359345
27.3539318813833 40.2862322782244
15.6720107746651 -9.56604300100183
17.1419324661021 24.8515836841206
13.406385713325 -4.99663078624126
36.462869842237 53.6973100695133
5.46448433130889 11.1288396089489
-5.91274702967381 -9.78516963071199
42.8496252868807 23.8490014538343
24.2031868785766 2.51788227726643
24.8175230521954 6.15793533211452
34.9650199229933 51.0670103296905
-1.43412699995235 -10.9191035552059
33.8402579699658 40.1272234260704
31.4039485247344 6.12459312353536
42.0121964367281 58.023815195991
7.2876182942897 11.4838227788004
34.8425953739374 56.3853196249564
-9.86036152421876 -6.06361043469701
-7.79930910831885 -4.51040910638326
15.8855427831748 -9.90176714514151
27.2988892105707 7.25000562976858
27.5446778818899 38.5711536166949
30.5753626536175 39.6869092177057
18.8350849931177 24.7203070116018
14.7852467273879 25.2035166547935
-10.0077457370555 -4.04513874103555
20.9859582602127 3.94468949881477
30.129231877861 6.32332137205658
25.5450297670556 6.00645161191743
12.4456954352243 -8.80911436527777
9.22757725690427 3.92936833431291
26.643558141923 1.82383482610758
7.06891627993598 5.0005829979778
20.1580615412215 23.0284354565133
38.9262624744147 25.8441361364836
27.5787139419942 41.0883137507867
22.8946600909173 4.27983919235798
44.9784378662922 63.0844642669531
39.742392911723 57.1746800001428
15.5288526928331 -10.0182027000853
28.5848203076837 35.6364374008777
32.2028476612757 16.4456172798744
18.3304636074271 12.7599127187596
38.4251934243409 25.439596124306
35.6799860511502 18.1253633493425
17.9827617606428 -9.48731903831455
7.30842808957148 7.48778432676946
-10.1540625518522 -4.46968052792914
11.841193906961 -15.5164000686091
6.03176020788877 11.1320111223615
16.0533673742769 32.3911439075738
33.358219168438 4.8924304894716
25.6120955397266 -0.682620292515439
19.068482435098 20.320743920387
11.5447150287297 23.1844484296805
46.7762679099772 57.0616111764299
43.7235508397869 56.8138059728579
-3.47349249522984 -0.704784440881288
37.3727612626285 53.5507100186814
28.330390236171 2.02737241576216
5.88186129373432 9.97365041384409
31.783432586848 4.60658367951893
30.6326358019639 40.9330893371181
12.6031798080833 -11.5672710419603
-5.55612426677455 -8.86887316367803
5.54091055731645 5.40462822427689
32.0768294195113 41.5267185756619
24.0453632794056 2.99746496421408
6.09493445263147 9.38662272292651
30.9618944144647 40.8173952665158
36.8883786411037 24.3293803552985
11.899705090883 -11.2774889844682
24.1173150784899 -0.90820671663097
38.5595821926854 22.0294328010568
27.8930740867737 9.74912892011281
27.4973072159205 5.22061561401528
8.05148688219429 4.8666032618848
34.0020337855687 56.5827811887183
30.9336598892539 38.4155069971811
32.9021473535485 39.9413188062137
39.4489951683158 22.8573374470747
35.9551018024958 17.6292690369734
6.25801720258925 11.2180707078872
18.9348864122802 4.80160536305438
40.3514192092633 18.609176945857
5.48139897303783 9.74973712005202
37.2747872000619 25.4245722921378
-6.5616896019367 -2.68953013954242
36.0798731307885 23.1175894671108
38.0748566906089 18.7820171159516
43.7874550496779 20.8697066067612
33.290784962222 22.723111569222
42.4483323704225 55.3274762705522
-5.33835141245837 -4.54945711976501
11.0446337696029 -9.00506264396273
13.7729654188525 -11.8832961834279
-2.56717027358211 -10.6293646610201
33.5785941453943 22.2479364301746
39.2149921347135 23.1496907184428
-5.52445838049785 -6.61939831176421
41.6493771261005 52.5744653325287
12.1608181990729 -10.572795572332
25.3281255768096 37.1947230356603
34.8160312346611 39.2268046035902
13.7816775487086 -8.89407670871264
17.4751009842451 22.607663467375
33.6698202579376 38.7990893704768
26.9860385228942 2.9602478333803
-8.31487042143471 -2.53767103060566
6.14374083698171 9.14412392510729
25.8460303839812 6.67113065848757
47.4397995995918 55.2323058519518
-5.97379483517988 -17.7107257891176
15.5339873219217 -9.11620885240456
13.4830366216047 -10.5032146073425
26.5025749765076 44.3409646619542
26.3179580619509 38.4366156581272
17.0222255265337 23.9822638452271
26.9074514972986 5.65007023052508
18.3842261489788 31.4682409223017
15.5232035129957 -13.4247415409995
32.9572095358066 28.2985696708809
4.25641663438734 8.94332304821489
22.8443087648466 5.55000134867559
39.3981055453629 50.4115761242362
43.5605917337708 58.0334514040935
26.9352063756607 33.9761364919934
36.151217295381 19.7489562655985
40.038792848419 60.8680320510402
-8.80570408208418 -10.6014065671891
7.26947477492338 4.50403072281978
4.37910632607724 10.778217349874
10.2432978101609 -13.6697442737144
17.2665836706796 23.765840970337
18.0282049273035 20.7112686633316
18.2841073018419 26.5889002520186
9.52746679970926 -14.3131607000554
30.0667527314543 -2.43127421286025
36.1964653392483 18.9315445148124
20.3979615146721 25.3581166343468
15.9004172892236 -6.96577815360781
12.1337001444817 -9.8804495276252
27.3405325243075 36.7651982272047
9.69259383800162 -8.8905788344089
27.5672052845233 7.2724910842464
30.8732295261647 37.524301264882
16.4496240623204 25.0714788090692
18.6387873058873 18.9013739997949
41.6695282516959 59.384934963601
30.0080753261379 39.9677699542023
-12.1152997394223 -3.91436181112228
5.28306739132145 11.5087388512398
16.376341185038 25.1989230506663
-8.2357890601641 -12.4152774642057
6.6849841710029 6.07150585695434
45.0903057346322 56.678082555353
36.7629300434192 55.3050650422156
41.0413863557562 53.5045337126907
-7.47856597951406 -9.29919792632495
6.31165155024519 6.51904147864732
27.721616951751 43.2341293786559
-5.8026831660037 -2.7322853009255
15.1619394926179 -6.79163600678353
-7.86630223676238 -6.82232349308497
-12.0949973198815 -5.27793914629912
12.4441972987148 -8.77104452432171
-12.0439416852881 -6.25508164287987
4.91781346601887 9.32599262246266
37.8048665596933 21.1126298479524
-7.21041549995799 -9.7220074212296
-3.27128874485919 -5.40932853787787
5.41018008455685 9.00512344166259
11.7889697876095 -8.41219721946302
30.2572542601287 40.2690630023045
39.8312261135755 20.2171462997204
37.5218289700479 42.350968257505
35.5239331834822 21.8468902302974
6.71263156761766 4.7095898915968
-0.0878378191774676 -15.0212572871392
40.3840519728051 21.4040162060017
39.4952243390211 22.1004199435167
33.4347181546826 22.4565356610799
42.7728663278695 55.3271312605899
31.5293395612657 19.8245251593934
-3.71584399728976 -7.77233318638777
43.851440832471 20.9864741166871
-3.59089520096747 -15.768471472576
-11.8652067944343 -15.9482817447906
36.9072121720849 55.6836799451324
15.3813325131176 -12.4172855814946
35.0752127776679 22.7916150373246
8.33218301465972 5.75231579161489
36.435864042549 23.3125205538892
40.493594341236 19.5542309904996
24.3256264181655 4.05901975769066
-3.32732824060892 -5.41097212454703
36.3145798066262 20.8305381348038
-2.40963835483319 -6.5476807623887
15.1461628297639 26.2542348906467
6.0956654081731 12.540811799617
15.4247783214564 27.9255577132633
7.03238063112741 11.0715972768282
17.637925397995 -7.24890085690628
25.4795177577121 42.5927742782219
38.6101618237439 51.4544608826826
-1.09784729014047 -10.0407812303834
45.9433024002198 47.6606622971312
18.6342823845488 3.31478355159422
0.947390782902366 -6.83607817376419
13.6156544545765 -9.66512471306388
41.0409413180889 18.0410084272741
39.4050226713372 17.2368797332247
21.9621361881269 1.9901929134201
39.8348880998827 20.9432613542819
37.3513425243762 23.0643460122371
18.6949889684552 25.2724061914976
-1.58233878876273 -9.30145339808804
26.1427994394667 8.54544947134295
37.8413515100004 59.0143057550073
5.8170761494496 6.04170827119343
32.1383388537123 42.2769415108872
30.9804213316084 36.2040644258229
26.0518889651005 36.3669338231545
43.0293869452205 17.0622451936929
29.6187147027494 2.36935956612727
14.3799055445577 21.6734120714162
29.6084297460861 36.0465745180657
-4.41159220511747 -9.34586061407696
13.7170926605356 22.7385718319562
13.1524029267268 -6.60851498712796
47.4893362991367 53.4280600177719
5.32355844129224 10.2524940834608
36.675760525698 20.017784685472
37.1337656704802 24.7254076690429
41.4523132218213 51.8567289169378
13.5744465775968 26.3288873187749
7.62951332945763 8.05260510070114
40.3845653436067 58.7373054395388
33.2914089949574 43.4924904518456
12.5703619541534 24.6847972882006
22.0328641754887 25.2807933074175
32.5299495968589 55.3862392079512
25.2814067359658 7.17079438236371
29.5395332317484 38.4826997173962
41.6641949746326 52.5995780187536
32.4577847533511 22.3357335673572
27.0138943636103 39.8016540087285
30.469596849685 36.6855992210116
32.8245491880426 39.8386223501034
40.7646039425825 52.7617358813242
38.2410226169533 22.6078470638369
31.3420118155463 1.22685404564408
8.71873385829849 5.36284550819309
42.8828038734339 59.7148419814755
4.74121898203127 10.3152431772561
30.0539269397073 37.5598840329497
39.8898163717287 23.8185758664776
26.780584259592 39.7415718775661
36.301558950847 21.751993511378
-7.30250900051682 -2.36624618077925
5.52494471502138 10.5012144219678
25.4633724159686 43.6119674101665
46.7050670036105 56.8114594459171
16.6168019594427 -9.30407007955564
18.9503530413799 5.57324592350339
6.40253052392714 10.8582269407455
43.71862793872 57.2397920932289
34.1296952018068 21.5458463275619
-9.04167778329157 -9.52317658998585
-5.93824085371919 -14.3775928750393
33.8776568681076 27.4748732218236
27.7567534399988 38.10231453722
31.3624745195307 35.8388425129664
26.0438656571221 12.289527949014
30.3854015961916 21.8010946994576
10.4915092729079 -13.8995909846953
36.159133923792 60.285397242621
29.6428814250608 25.6569815830597
11.0313314249784 -9.13376475465324
6.49497654340623 8.83116287565227
14.3238927174073 20.8809821856066
31.117791158927 40.2061766768665
31.0185838001459 42.5660582634066
21.2163212097837 0.939000386471038
39.3815634560537 53.4466986412784
-6.67970103668644 -11.496665401099
-5.14672499949413 -8.68521123788956
14.1215571582708 -8.74399618959668
25.5652392703818 8.62751010226718
35.7444211507631 16.635988517933
29.5153619749585 38.6241390477991
34.2639526363334 37.6400041394829
28.1445715988272 9.37095987436127
25.9606101617295 0.244425396730186
6.79106695386264 5.43114346761501
26.3846775786894 8.36579004873817
28.9100766206048 20.3227860425022
-0.0208635242714408 -11.0026779437056
32.8715075290637 34.4114014615084
29.7482701874958 6.4483700501209
31.3926147652438 39.2494774955181
6.99934442565944 5.23272980714588
41.7284838366515 50.3706324728904
23.1508008974628 5.12937396219121
45.9705064339829 64.4310790090049
46.0391187932988 54.2048245493464
6.11441722899444 4.5536699635894
34.328550754555 39.6797557062797
4.58359291145162 9.40011496624756
24.9982524218692 2.77065278358779
-1.71759976279321 -5.61675496955985
50.4899055169023 60.4506815542069
21.6358228151585 9.38529041354104
38.0838473356177 31.8953959489302
24.2415181233231 26.3692563316752
13.9070474931303 21.7626316251654
-2.90512329789043 -5.49189004352995
33.7092270291228 43.43232368069
26.9443135506303 9.54783913927007
-7.29849164534664 -2.05878583922313
15.2410316780717 -5.61469060959113
-4.89371067708049 -4.97269383125009
27.1791869752874 6.34373907224817
38.0282108017752 18.6745050394349
23.8344581442126 41.0755167765624
22.9701198087684 25.7663829436691
13.8159953833475 21.3333392412264
40.2917703842088 16.4253345159171
35.4195835926659 41.0617690140154
-5.05002231465124 -5.34950356720402
14.6258385417909 -11.3655796265819
14.2341309126761 -10.6809198391965
38.1826697133745 20.6557149997271
21.4012260940734 23.0795496139078
4.1930682843157 3.72815533000235
29.1708748380876 54.6309271620352
7.09513083717286 6.53417318088797
20.4522701276134 28.0313293764024
12.4675330332832 -11.0417780520373
-4.33318737158501 -11.1291019624042
23.1268064139998 3.43518627550926
14.9687692355476 -8.67944403977017
-3.31462566142344 -12.4222364936179
28.6824982925034 40.4393415700595
7.57566340663377 8.80286375806184
4.97232144654351 6.1018180832254
24.1622813616549 -3.00484879160923
25.8258243407176 6.2273348562919
15.9652367487274 29.3774786247826
24.725660285824 37.5485976531104
18.8666987656619 18.177123312385
15.9774016037607 -8.13650257270808
32.490932174878 40.5794840869218
-5.09655627130801 -16.8913578517802
28.9982939684393 39.9648450761587
5.70105221717656 3.29007515680632
6.29877481299444 9.06191290339002
18.985377009069 31.7226811684716
54.6092309409437 59.7313888359715
6.77647190287816 7.30884240292743
44.8953019274748 55.9978556271581
34.2915265193612 30.1139111364395
38.8586721369176 58.1850427791274
23.2221163096278 1.98479558217317
5.41060091713059 10.7935304560133
31.5612283191074 42.3025869374868
-4.90828720368 -2.50006249240467
24.6662333545515 6.78996566195485
31.3313376734608 42.4992762497313
41.4331911297877 17.0803502268934
31.4426625133914 5.91959973566364
43.2979699113646 49.3773136989245
0.475885047624645 -5.26243423866592
5.09792140573717 12.6923780409127
47.0213276575971 53.7331639155655
27.8602048751131 40.9603691193884
35.0821376181066 18.7339245039525
28.4271446524608 37.2697377970138
27.0940653234529 10.2537338054205
-4.25328984937202 -8.20297744649871
25.6644128164135 40.29415947058
29.7533008391531 39.4920365528643
24.5691812156143 4.80895577409002
41.4359992579723 54.9827928732033
20.6945311394473 24.4511612234637
28.7920321195731 6.58433417246225
40.5653430588652 53.692810248679
-1.6437490424807 1.26703425976112
44.0960802983409 58.4842213110729
6.6821863112681 5.59324759044201
3.50448393107815 9.97474183684021
39.7578299213749 24.5433971231254
26.164368263288 6.72772013060776
22.334320958804 3.63062008805175
-2.05425140963781 -4.54306629374664
37.6153271274638 21.2338822765699
5.74299972039216 7.63952987511205
36.596345891589 19.6104129893472
21.5954322414817 5.63442857922323
41.0991394147446 53.3862170441975
35.6131819891484 54.6962837576104
7.72306871014153 10.6395436864274
34.9314699657175 21.5662567557553
17.140165308049 24.5690725246598
31.2861973609681 34.5123421554177
15.0350672915042 -12.0769564881711
25.8977076469763 39.7245499833085
-5.72958283496097 -7.93877771293124
23.9729688568257 3.15174417526993
37.7628790686073 20.593840362461
13.0682517312884 -10.2816707810918
5.59551971933682 9.06242524577996
24.4281967709837 4.0468103662248
-7.16495466131358 -3.47141241200439
5.74789410897163 8.88394627167312
44.1245630548247 56.4113382118878
27.2196421059953 9.42140269917073
39.2377948128589 22.1560906180457
13.4725634245011 -9.63315484553809
30.7086983882017 39.0683902372748
5.77499529705443 16.3718124797507
43.9982895631963 56.6693615808658
7.75840173554353 5.34200084115073
36.4275888673921 21.1479991865011
27.203895462543 5.69523003747107
44.7623616436343 52.3149178583237
17.9067436849753 -8.53803475355921
30.896929721155 44.4961963492278
25.5236291108042 41.6146587101153
13.8573619999362 -9.31153644544172
14.8051154904476 -7.17059614176271
47.7522767900237 49.4740619233169
33.0891814874487 43.923767686171
30.7101750844688 37.3906286775908
10.3983994074263 -17.615238071359
24.9626003657654 9.03513350142211
11.0361215521109 -10.9691165315242
20.6538569381995 -9.00946476166376
5.26116750016816 11.0407340559793
-2.59276142129623 -10.0824472094716
40.1231556609691 57.6274510736154
26.4613329709269 39.2851751709793
38.4577963165064 54.2377515825418
22.5506994412085 5.44335304509442
4.43585290483798 15.3426525564012
38.5527085750528 27.3332741890537
21.476555024008 4.02979650746386
40.7435499582108 57.7952048028653
35.7531497243925 17.9513959980521
16.4989155670617 -3.41844370633406
21.395070769936 6.59662262442519
4.93606386597916 8.64580190354065
-3.54205952918357 -8.73175876163105
26.1800934939211 43.1097320549516
37.185846929136 56.450785535284
49.1107940620201 55.4612679818277
34.4747629836967 22.200229037957
43.0533592635539 60.6679872367939
43.0832815325086 51.4763015132579
14.6796923501958 21.7070639318659
42.3486135869991 52.1706028901136
18.4403202584779 27.58564635311
41.4440506200707 59.4826982732778
18.9995901677031 28.5719739856442
7.83582623658164 5.6828127879082
20.356705879447 4.48478856374722
24.2597076137295 -1.40869315837491
26.072810214894 5.75506624981789
33.022487283521 40.8191178649045
26.888614077572 36.1289541890229
-4.1305113123267 -7.11504170183747
36.3573648892794 14.7240364336524
20.7340463723243 32.4524838591487
29.1735230517456 23.4512332629565
31.351781551299 8.76712899461928
38.2335156921285 57.3041515957956
35.3032471860073 21.933922271537
15.983882190848 24.0294673007305
15.6968639746484 22.2053627308031
14.7950484806978 -8.89946088040485
21.0417221782709 3.13333358359244
12.2385763428997 -5.78879566452708
16.3366906369922 -7.07149556776307
15.6746644012935 -10.9451719023451
40.390250424118 21.0217622756822
18.7075184189828 -8.15238585134263
27.4947015702139 4.25056187475035
22.3278267152941 27.0187075970613
9.58552334566491 -12.3305944084126
-3.68141336460039 -6.96331257904687
42.8824935328707 53.221345641636
22.3373771736949 25.0065684577431
30.6992833271626 40.8645984286507
43.3618605593067 53.1822687392269
5.36378718698085 9.33325895940459
31.1668647695852 39.6023212562042
-7.05043731108379 -13.1154058283039
14.0661183279559 -12.7835470183831
49.5839630864469 54.6316438982362
19.8700497609908 6.59724071906764
5.81317656374988 7.73008437474304
25.3740662522367 4.4539492342876
44.7727382119367 54.9686263676831
19.9307320962164 25.1366583508613
8.07616898117699 7.58489373501668
25.5717193254795 42.1640992773135
43.5144786139055 61.648831493624
29.6601167461063 44.6768635347685
6.04279676102459 10.4831082455785
43.9199035181354 55.5321051984382
16.9786178119496 -8.44530852987667
38.9683242486279 16.7352956994216
23.7981199715693 24.9926340700256
39.036233803777 55.6592510176482
40.3210902198787 52.0518894620963
34.7277832934889 43.7407114230077
41.606412785479 52.221512647774
41.5893969187088 57.8665991834665
47.019323013575 64.4660219466988
13.7500225566332 -7.98651208737831
25.4186638167289 42.0713685020076
24.1662780807088 40.3085358966308
5.28956155521046 10.0348461315204
36.0564167094781 22.2614927576932
44.2601496911498 52.1694330222455
29.9976893592648 44.7291365688949
33.3804948248166 21.4599656393542
37.9540512779635 56.747365522279
-5.22838093408934 -7.59655689954487
15.085660568012 24.4578002354237
37.394669821558 22.7407937544547
39.2089708669261 57.7471551991824
-6.20755682637945 -10.3542707574798
4.83200386418337 7.3850559670408
11.0289865440406 -8.07383885464861
16.6055845592114 -11.4915348818772
42.635972085858 58.4902854413753
41.8633698567672 54.2622720020084
-7.99907963933324 -4.47645957002828
37.765211528513 21.4350054567009
11.4725516229731 -11.1048207166888
41.0699127043264 53.5118792991995
34.461838581104 19.5424972016783
20.1392510047779 29.5267607984428
39.6553636555857 56.6704398447471
25.0635723013934 6.46661985805609
22.0148590881499 6.80870482200449
7.71568762645808 0.651645688757554
17.3027981166984 20.0846051334917
17.2832347808472 22.2257185038299
36.392955208903 21.3154626114739
15.4567756131115 -9.71343334463714
41.9073702857577 20.2647650695269
29.3318990832053 41.3539269222032
34.6345534552827 36.7820894843595
0.313623601776306 1.02993194086946
5.06252987185224 0.142494773605397
22.854872276041 5.5032686651518
29.5586820416063 37.714096493497
26.250461466975 6.9842151896524
40.1619652774559 54.7215371975008
16.8786952340418 -7.55934305731277
12.8649308233598 24.202175754336
39.974269433022 21.9475390749214
43.4093754500326 58.3246837359915
-2.95461655285308 -3.9903205684872
44.6089327007305 53.0463083190928
40.2254331500082 16.9178912827907
35.5822669376577 20.3763602993735
42.2577798404483 54.9448132014587
5.56085501499824 9.82652610124334
38.4672660391245 55.7937042519055
17.591523418236 24.162384576648
37.2911665078466 21.7666918856526
19.770876466188 3.68534288468158
41.2800210687526 52.488180193777
16.9256970496115 -6.34171287237951
5.27873482349616 7.13400846918084
3.4705493496663 -10.5032775797566
-6.31088872873777 -12.7794068645297
14.737555656516 22.6770576974333
28.5875859416762 8.50867703501471
12.5573862542485 -13.5548231620071
28.6858496492981 21.1902464365589
3.51713225565625 9.8743177248684
13.6828036077352 -10.2639730966958
31.1489352041502 6.21186445568303
17.8548804936658 28.8370605785559
45.129178715071 54.9701023946507
7.70840806195293 6.03155609766652
9.42520499263208 3.66393527826826
38.8445323973888 20.6593674985017
16.7466633552684 23.833448511355
31.8513336608311 54.5622440975036
14.0153782312457 -6.46046855820662
6.06034674934464 6.46255720635415
48.1626306689947 56.5964756548594
12.3523634958172 -9.9659192256214
30.3888067019947 40.3634758754344
39.4047755835059 57.3267513466951
4.86737874624836 11.221530085771
5.49314423421531 4.74134507626182
-3.70143264582762 -8.04053256547625
28.2031662435311 5.25052413090429
25.0945654776342 6.0473173703794
29.4995716065411 42.9358060265158
26.5696149900099 5.57748669352157
12.4988522751224 -9.45198610733085
37.3121476029489 23.9698997004321
30.9831868433314 41.2170809165868
3.32482897255706 15.5150796166905
32.3739719690253 41.4860585094728
28.3586636382614 43.1151972103982
6.13618372146205 8.33057194472569
12.7594163141449 -13.3280635684507
38.0110755458461 58.9955412048054
28.0859319292827 36.750182238564
14.1630189216567 -10.7979446251318
42.5198087018005 57.9130535211766
42.2901650406856 21.4886595439416
39.3991070779717 23.5765126371866
6.2000861192534 7.76279336553435
11.9304845437399 -11.9230839057697
-2.52571288547382 -9.82467438906364
37.7844255198012 40.2531167118771
26.3156649442623 45.979559013367
-9.88612049273233 -14.4130538876584
13.8529913805131 -8.77931964276941
14.293670317829 -8.77765315351069
30.2342548738377 38.3928657018983
32.8457419091953 44.2809844309017
24.8579587193546 3.95770298928351
22.5000247975542 28.1202232249728
5.79701058272791 4.07666008763156
23.5502090170003 4.93574209664983
37.4184391104004 21.8231305858051
14.2023085454196 -9.47077822171538
27.7322042088401 4.34107358353154
28.7922600990839 5.79323055524057
35.6715576743154 51.0422470522402
5.17706103888614 6.05375960147744
-3.36987939196127 -2.24366952974132
25.0415413421308 10.7436011890981
32.0896131675607 42.2322414080697
16.3225371342636 -6.6426509533071
28.3414950264491 4.47077527428531
-9.07804856423028 -3.35190035737347
38.3070231176293 57.3558405541736
13.5553008258036 -7.1751206251893
32.8844282313081 40.2598580070371
10.8217877703229 -13.9053008470567
13.7599080964467 -13.3128054303338
33.2763802805908 21.1032943786655
18.9804953064751 25.7102041740537
10.5338137278597 -9.17424691051946
5.33740090157411 9.18631810335167
42.9588189650732 51.3051036538166
3.66507327619906 11.6420630020556
-6.39136638952583 -20.335790406466
6.90976251462473 9.80826047455661
19.5956166927023 26.0704642982327
24.7909247048624 4.20197155607094
41.5759538364651 53.9515977899372
2.58004137508549 11.7520900220953
12.2582744083498 -9.05008932479963
23.7794437276799 11.3067736589924
5.50685025079709 9.70149995936078
28.4838255863827 36.1652173808499
9.02996589628245 -9.50768125797734
42.041672461005 55.8154025696365
21.7369762991468 2.7321320136635
-2.1517015818523 -7.15818992336668
-12.8267189010056 -4.28837048973139
19.4871211159425 25.0823907217644
12.5579752987173 -12.7594968378846
42.916957195434 58.2143068897829
5.43837756194116 5.53231496839918
39.3994068964151 24.0245486960733
47.4808375027304 56.1739993605812
39.4756187780783 22.7297424398828
31.0272678225108 36.2480187348489
5.88831814957245 11.7230959810253
6.45570352043367 9.82683197387986
38.2072311870193 18.4939184536131
-11.4833875396337 -5.89888721735481
33.9463883073502 19.5602748975565
27.3309880128441 1.48797097021306
12.4302425329233 -10.6713463314975
40.234813469486 22.5705033241263
24.4403515526332 4.92279780350066
39.338382108804 23.5944860926129
18.848885174244 27.5075650415886
27.8071795912463 42.6741826738627
40.6869861515404 21.0547726598181
-12.010628011673 -7.65151921612572
9.42595147319922 -10.6167761889263
38.5055938275366 19.390557519239
40.6045798460285 22.8091367463991
40.3962571048988 60.5484134740076
40.0998275907626 56.7733652953243
6.91646096383151 6.25637822652077
24.6343015350169 27.8765448715159
-6.52699748125311 -10.5397162781852
39.9600652923159 51.1095376471745
37.3962800904254 59.3947317877791
38.8939633799696 50.5033100694565
29.382906421653 35.5335898008659
16.4487818046639 -9.0270966940806
26.7413106819618 36.1686661118124
-9.29363589249095 -17.6399499665145
15.4483011539909 -9.06274310667535
32.5824547819321 40.0889202497452
5.0921814074714 8.84622370866373
43.1966573628202 59.4962170476295
4.77936273578885 10.9514023229293
30.7922839499155 39.2704545232458
19.0353221006579 23.7375286456392
29.4688613514479 40.0080118191343
37.4817446460848 27.4991465061573
29.9587834688113 45.7739211266328
36.1641406204506 58.639945225734
15.712083280477 24.1769527269162
14.1889511861402 -8.08011298807292
24.2880093300403 2.90136293757609
11.7295419186439 -9.6850730503504
12.7766199719047 -7.37549405952079
27.8415984284122 2.18126406084106
35.8770516749281 25.8837752850841
37.2322197803352 56.9255093586896
28.0556224298919 38.1923812919255
27.7742814402598 40.7677226552052
24.1886166182638 4.30746388654797
23.6561453552328 42.9489897941459
28.663972938167 40.0141393498476
9.63661378907318 -15.740041953471
27.3662610930696 45.8120206274072
44.8818668336886 55.8865252567029
17.8017449101548 22.7222908361358
44.521558615299 21.1449175139671
7.02873837073066 8.33008223269604
16.5600653290484 23.6509907146811
6.68320332523415 12.6242001412241
-9.00499351777711 -4.89542315856693
-6.05069476073085 -7.96676743716017
-6.53014776423798 -4.50958071286115
32.9827372527905 21.5112102194543
-11.1266372532452 -6.59151724912032
39.5315585810212 54.6866484855251
34.2758038739949 37.7453247939671
28.7372809965489 6.16568213726012
31.9079980786686 20.3543352778299
2.65267697981262 10.7809607948241
37.0662069770304 19.9638223073905
32.8526125504802 7.31970979107996
-5.09906234971575 -15.2868330340324
30.3655733539073 38.7268334624828
27.064111646892 44.6199790846388
0.105087585722835 -4.83903801327129
25.1362703838116 4.0657732565799
40.8180883744349 54.1352571632672
36.892595373768 49.7303263339326
34.8999741162842 3.76503515282465
14.516559484724 -9.96324525554057
26.5087557692335 4.07798621953142
25.1077750596362 1.80439239367085
30.4495266265389 38.4433326863572
21.884397186209 11.2163400801169
29.8493240985868 40.1730565594213
36.4767416274126 19.1333239283366
15.5372259969914 -7.8943845495834
22.4435601933764 22.4005721297053
28.4550856843382 43.6336366821817
29.5917201377896 35.6615289541501
5.03174550713386 8.81084931533928
28.8927243527888 41.7113509773939
-11.8302092081696 -2.2126914880314
33.9510161883946 53.1350142584732
6.43772593410262 12.4498378396143
26.9074184274965 5.39682764618147
39.5965200245892 58.8771508616592
18.9798486603949 0.858266953700268
20.6353182171448 21.8959868082358
45.3070433712401 55.5950004389146
25.4387281744653 42.8551577645045
13.6370419327332 -7.77186418153024
21.2102366103923 22.4865937517656
5.36600314207954 8.04334157843881
15.0328616258211 22.5062741026454
30.2018410066088 40.7325551521583
40.1893158563647 27.9498041006509
31.3945045105814 40.6229300203985
37.6831838548396 54.5280118227382
-10.7367784968887 -6.49907060951934
9.68688002251515 -13.4323109347572
22.6729186204225 3.80044710492812
7.38805406845873 12.1495311178255
0.627419467457423 -14.3509679848955
4.7256904800438 13.0564193533399
16.7298114003674 21.8837639479675
15.2795183711291 -11.7228891451235
17.2862655374003 -9.32699088419479
38.7068796491575 56.5761812503453
18.0797791184114 -11.5065874472938
44.2512139911087 24.8991066251743
34.4739204018237 43.9194026837569
22.8937495010827 7.05060454360019
41.5726848866724 21.7690356145879
7.9507666816423 6.14833502990061
4.90737871929042 10.0779606539177
-1.48868019354444 -7.07263564280872
5.63903466195089 6.00713542031531
-1.86638472150716 -14.1809903873878
28.7634530865308 41.4468316954855
43.415855987096 20.6443989436511
-6.27205413779347 -13.3377870825569
7.57780228249669 4.84827781193092
28.9040562483102 39.4269689138131
21.4701164008234 0.260833278242228
23.1833110387073 6.08060754556784
39.5193255555911 53.3904592613178
7.3330400164148 7.09254846690829
36.0220502231291 24.5638420633785
16.5151365417493 23.6456342147292
34.3198824538883 25.7556698557456
45.8100277530413 57.4419613069025
22.8558586617577 -0.522874710653231
35.5092517131393 22.999843019083
0.947103605413624 -13.0726645272129
41.4303124429547 61.3233406770582
42.7036571688832 24.6838891071017
18.6039202928041 23.9550697826823
28.3600467760731 2.95759568019859
37.8978839923032 20.1938976986393
29.9497342802398 7.17855259183198
40.8883494155139 53.4786063943252
15.9352826173525 -7.35849422410263
36.4845994928841 24.62704291695
22.0506363816102 2.29468654621592
37.414293005042 54.6201486580156
26.6465742580739 6.79970303221015
24.1662695994568 40.0751118373304
15.6934593665216 25.4839030354254
22.1713088163769 28.127234800583
21.6738280350221 22.4151287111758
37.863707336115 21.2417418963708
37.8995404503628 52.7154270888799
29.1628047873298 36.6871744581469
12.0153898447939 24.565267767087
24.8684018998668 9.93957152413612
39.6910744121985 21.903601548329
32.2102424054128 39.0101650394729
21.9679806637349 4.94097975955596
-8.33195436564286 -15.5192043823623
12.8957866754163 -8.89330837000109
42.9523530904956 56.2149619385971
13.9190159881903 -8.87815016482294
10.4194258303008 -14.875241893133
29.5227973824502 12.4577535194855
16.5921940663073 -9.45272479498856
34.0010593380587 22.7449784400647
27.1097765261884 41.5622370481977
22.0150529535157 5.77817324958241
-4.63379166066589 -6.0632616010428
12.9223676807398 -10.9920406423101
5.43922108851564 4.20093777465599
15.5689855548532 25.2862349893187
4.6360025215975 9.23402814270487
11.8910002158307 -9.00076322942116
30.9658446594534 35.15206978289
39.2597841056041 20.9342767095536
13.1020497815565 -12.651131339561
4.26813809162525 6.74861506486987
13.6114317494001 -10.769392694965
17.6752270327473 28.9800614312786
-7.21501679762142 -8.80128424187811
18.3808260313553 24.0505526488975
3.36330625215391 7.2204868286935
28.4284235742242 42.2637016452965
13.6720357687602 23.4761082565248
9.35215397549 24.2847929170921
26.416320832317 39.8180366170743
5.91136312346486 6.78162064589914
-11.4419359314824 -13.7498910028151
5.63183597541123 2.30452201859712
-11.1563967653247 -6.13031609902908
-13.7493739378223 -16.8795012588485
36.9779316398467 19.3978503147235
9.17865280552877 -13.388889129252
5.01093227755606 8.26877752157501
34.4726543458441 22.5014912436872
33.7072971004933 38.7541142716404
27.7479538483417 39.8461454146475
6.55538886818921 9.02234103398184
45.6548229998043 52.4126379819367
22.8414000605561 7.18739976232601
-1.3337443915319 -9.44279309252726
28.7404968110207 39.8658151069089
15.825865505302 24.5215523037953
26.8059563270025 41.5709192607387
-12.0319996652607 -14.8352718584352
27.3559008544441 38.4135436414063
15.8664756022663 -12.7348810060023
38.5381672906364 24.4687569792731
16.2262375090426 -2.86162166531554
37.0491474002109 17.4285904450104
20.7972332738496 25.9544323003414
14.36606657254 -10.6892707979324
45.230596190145 59.3569131715704
12.0194363190222 -13.9657827846751
4.94659550299867 12.3444718262728
30.0814687493338 33.5192122841303
38.0167635668501 61.1651045879611
36.466791157863 21.5883104385666
30.332981964498 44.6686688898414
16.6708308989913 -1.30606257325727
22.9641623204778 6.41191864139952
17.5536219692843 26.9600921866342
41.1759365891579 49.0112902679782
14.8965299797839 26.83011336011
39.2987162184429 24.1509616243637
12.7928213307161 -11.4624477689932
38.6628393211206 55.936237718541
38.8624294014273 17.6232369200088
26.2252878907885 4.86916935805181
42.8623299342827 53.9852476201823
4.79095723497379 10.4934452317529
37.3674586315883 22.1739353980796
30.9319535296761 6.5331017572085
4.56578308899747 11.1653710119507
25.2346170392127 28.3610939912134
39.6615605346368 51.5669033223197
6.39074318632142 9.73337909608381
-1.16476309726633 -10.4049903138553
16.0394564508237 24.5203145196336
7.74299557332391 3.42087756787962
30.0032968141166 6.54781702380977
26.8263246339686 38.7626636445971
13.9053939898447 -3.5759510446116
13.3406257267208 -13.4758882389611
29.9929313055288 36.4872461255254
4.39556674120288 11.7643744597267
32.3719753261052 38.9412653840712
-5.30304235129333 -10.3587413465188
47.9724509112855 60.7612921790019
3.69854737730213 16.4845998300491
12.5431797352767 -7.87670548549695
18.6596894399628 -8.06571344895654
32.1648877205821 63.2230385096781
20.311542715413 23.1872103979792
4.16484758195148 8.48766084701819
12.420986923328 -9.91023118571779
45.3056665749435 63.2602949846444
14.0480922107338 -8.35125214547934
40.6789686019873 21.9562801966038
45.1963198758426 54.7911112406116
4.68906911101558 14.7829752592982
41.6206132795696 53.1490320582319
27.8569360561079 48.4351797745582
13.6209638711623 21.3491262101242
39.4351647419231 55.9114818135044
-6.62731843694939 -4.24804276185202
27.4127755200729 7.27599342777225
24.5060410584686 0.176302725644993
5.81443816697909 6.14712405321985
6.36379722806161 7.42068387043845
37.9009310190577 20.3459956655504
30.7434124292482 23.2716000110738
-4.34343309301554 -4.90969905921024
-8.74721231846851 -6.72997147404172
16.9779631077931 23.6158035885206
16.5321843218786 -6.72858623580706
46.5630354685445 56.8825884329998
39.5542570246373 55.8584655541315
11.2944167038176 -9.98581508109548
41.9364006106856 56.6463766602812
16.1441915786783 22.4622018547101
7.87669330187541 2.56032306820256
21.5177536624847 26.2461744525175
3.4012600953229 11.2829435361823
36.7718130507815 23.4795482645644
12.1371249238006 -12.3680738256565
26.7277472826834 36.4856298524664
42.7054689221827 57.2158173124059
35.0059335744693 40.5159539719754
26.267163998679 2.50563943764094
15.2454748095865 23.0117074211024
39.1806896719224 52.9736990756935
41.2774516784784 58.4717520808936
44.0869035316033 58.5533742007246
45.1515231930738 51.2446517149488
5.06638748796875 8.5215877933361
44.6383825688445 57.9817451304714
-6.91452608988944 -16.6315476135039
4.53762195065661 11.9007598968423
12.934821457252 -7.70210347984606
19.5761291572039 24.6422379909198
15.2927016790858 -8.87570526279613
40.3873967067931 47.544643903893
45.3992251869776 52.67848338119
24.55183429227 7.36575872913479
12.5652009767432 -10.4060958196389
41.4944877084966 55.2260216461765
43.4414243441556 56.5600625462323
26.9858730509699 41.7627480196148
8.69118822139469 -11.8412754980244
18.5751706134251 -6.05070432633696
32.601571429225 41.6409441360377
38.7539967048366 17.5473071887748
10.7040275699126 -12.4156254159495
39.2289390488712 54.7853822471101
27.163493728073 5.7149623538009
12.7608939934497 -14.0248851495333
16.8326230293234 25.8396278205451
42.9761604797327 49.6954781645667
27.6304654711081 40.4409463462267
5.03387270334139 8.34224263104003
42.2181547080881 57.3696511031061
7.36354809262546 8.47277557904418
13.8130028173465 -13.9564650347652
43.0549787378241 55.6582400444986
43.1633218889983 26.6838549467627
33.2156901305828 19.9804328657096
29.4447307667591 42.9812564028125
-11.928719761713 0.0398546359339038
33.7424620587566 20.0312675751564
30.2686698982272 6.37486861732711
37.8161880245494 24.088966590023
-0.343897510032668 -8.40540144015402
39.6076927823435 23.8337096110265
-5.19034308242105 -4.9942685044128
40.1843253960382 26.2203625033227
44.163886906049 55.9164512042435
46.2273915411026 57.1295171013116
26.9517519893836 36.2768257308327
-5.13778784903063 -5.43419443294269
26.1406251617328 22.2181004997074
20.3349331947813 5.27987822164682
27.3003690179636 38.0550901776023
23.1757956366646 6.25522073265881
14.2439474943825 21.4102476706997
4.64143257655357 7.07788062824573
23.3104409945778 3.54633029011744
5.09749108670583 13.3311382803247
-3.52444516260788 -11.0742889047934
36.42219166926 21.3681971323206
27.1623469778579 2.69105425089337
45.3015850765311 53.6933830244445
22.36222347431 26.3047592212214
27.5650422874601 1.85203397523996
39.6912902063639 20.4934242296986
27.7748510577537 45.1002309203947
-6.74112343527887 -8.19237090910682
5.36447248699825 10.5065420859949
16.4957050965912 24.0276252162132
10.1726865364412 -9.83526031381046
-6.79185551868538 -8.9861710447292
27.5536295883438 37.3367432190366
25.5430373565737 5.61689795738857
4.93142193409982 6.83992739197826
22.8483978123616 4.04766195126991
39.4616936411214 26.9267309236223
-3.67807336657983 -4.52935819856499
18.0658910552251 24.0296485186703
9.15443858397471 -15.7479465439442
35.3538118988911 53.6832477048617
27.065881666613 7.94811363028753
24.0121338617775 10.126646602929
31.3318457943087 39.5348385364513
17.3464767299602 21.6002505134113
34.8747491172442 52.7524812181298
30.4123574189349 5.35981952849305
26.420639286096 3.3825027464551
34.9077064356433 23.3881008382807
25.9626860665693 4.49787179375951
4.78505536588124 5.85998510712384
31.1969081871277 40.1733191788906
31.2998847477377 38.2507686462291
5.27345210041408 15.3383298042716
25.1253906312998 38.9258118461169
25.1161187562814 4.4191176376026
17.4123416539452 -6.65529096631459
15.1490584220143 -10.9818770678737
28.1037007410284 4.96359049283415
26.8313893629379 3.79329621143921
34.3405557776419 23.9254671114306
15.0872452123774 -11.9714849825473
40.9753027094424 52.8140763143166
29.2365150571995 42.4034391741801
37.5706524549805 53.3770268537024
7.93472171473455 4.27475065848562
4.28684585349371 8.92631198516602
23.8993010629113 10.3771136539074
37.4640463743285 59.8212360546372
21.5372316721216 5.45014098290569
15.5362191870325 24.0966275314751
6.71634234413959 7.04706609858243
16.6087787740011 -8.9176908573984
43.7462405545191 22.6565352355759
43.5014025109328 22.3975263126057
37.7495558958952 59.1425567290708
29.8829966608807 4.88964976256167
35.0237349775059 62.0083350834308
14.2176458430367 -13.830490391928
27.8842658077524 41.9310601041956
18.6020033835266 25.3181937893848
27.5156715875229 38.1584199405989
25.4313155179831 5.44867462283119
-8.88577821438239 -16.4826494277399
25.2996710511527 4.78979569091138
4.00596228794293 7.50945641617778
5.65391610329693 4.7757715244727
19.1607494591464 7.90867487662484
32.6207724511993 36.5410877331296
-8.12641809576991 -6.73238037911193
3.93203512657497 1.90909651511564
-3.4140160199279 -6.59386187108843
34.0233203856047 22.859903548069
41.572736061482 58.7017973331323
37.7522592725488 21.4600392359333
44.480795948342 24.2971998368792
26.6139006276182 7.10374846406038
44.2477745465311 50.9380579955845
30.2176648845883 8.69661866299858
17.623085555972 20.5560176792587
38.2941808426365 22.6832643590412
4.39215208214271 9.9162746825943
13.6069211593982 -9.8927923679299
20.3173986410097 19.4526895631915
-5.72005361583053 -9.37004905248281
34.0901921642893 39.7971684555814
41.022463819084 20.9220346626817
-10.3161347480154 -10.9110961781539
24.183451149783 3.23542306483005
45.8171561646244 56.6064996411323
5.97361862821304 9.28503580304075
13.4235497794865 -11.5919249676843
6.86299819830471 6.87589153046977
30.7199592356335 39.8807725772312
5.58751289123046 5.53915356428705
14.4309847299423 -14.9743325389657
36.0969368801401 19.9100486145658
14.9906837691184 -7.67024301187525
-1.96147184866525 -10.5983150934149
-2.12955698910554 -3.9945294694462
17.554370346914 4.42329261543383
39.14455877581 24.2890791222914
5.76761816371779 7.53387009964317
21.0210201274263 4.70642864011842
18.5781243327663 9.62782947999741
26.1093920493775 36.5170659841735
23.7138787122659 23.9528172783373
24.1579850333849 8.63750171460411
26.8246343863321 38.4438937389768
11.6850517338151 -10.0733572550821
13.1337997631079 -7.10910143710869
7.93429141134862 4.27888142750427
25.7315347362716 7.37365541705536
-6.03832065011498 -2.1106563497414
-5.58386307044968 -2.25623088250075
35.6855129092173 17.1750257259199
-0.0995114010993854 -6.02222817532037
21.0280293279803 6.88340291364167
37.0667669932977 20.2761052389754
12.0746113817 -8.80765851948194
34.868006821213 23.0870554366128
19.1222048971576 6.8684424799089
25.1477975518459 5.92431098093408
39.8466317936387 53.7499980384856
16.454354303667 23.6895598535544
35.7905757364733 24.4743027879021
36.663141180089 26.3855997979049
27.6519092558298 41.6821484124525
16.3612964863871 -6.12121016801547
7.05880112833599 2.73419344692511
29.3807825228606 35.2591019017662
21.1742471519104 25.5791401021666
-4.43958922813653 -4.45641341890805
15.0061529072054 24.3081989127687
20.6400353115551 21.8806366232105
39.1154443363489 52.3568981833902
18.0013280896773 23.4473187980893
30.9977257308113 40.2945060324245
6.27641386432679 5.88114238420593
17.1103280440372 22.1088275742235
26.0532055528036 1.08495943798376
39.8986348329735 53.4064929902726
-4.53208010741056 -8.71730317165386
20.0745651311702 25.4337406135235
16.1052743025231 -8.8498853523717
39.0894289591362 58.499781581616
34.2707798796234 27.3822144318402
-2.78049876103711 -7.55914105301008
11.9495567100216 -11.8938763292043
6.69812894199515 4.269763382077
10.8877601476256 -14.5051002058589
27.5924771653293 7.21597958922786
20.0969576225441 23.4920469957442
-4.88274240876217 -13.7214713674898
12.4461343542388 -8.68996550565998
5.52483721633964 10.743789391436
-12.1366042102301 -14.4966823481046
15.7902827589576 -9.03841601834619
13.9775873573783 24.766187393251
-7.52677958962422 -19.1119441505698
40.4743781796943 49.5538895528096
43.9788993171281 50.6256772777826
-10.3531027982255 -9.1642778713608
37.7247410141565 21.9188082693657
31.1022503092585 39.6109841907812
42.3043210365452 53.8450952176496
40.4821938880108 18.5097045059489
15.6184566357888 -11.206819825874
24.09290921734 3.77652503136045
16.0009883477658 -8.32449395575935
11.3797539811598 -9.90357482169495
24.6787853860493 1.63762236557701
13.3392147852915 -8.20434965888288
15.4345372969735 -6.70976683921853
1.07440358288557 -3.51444851597094
26.3984799577244 42.0588031568022
18.3181807170701 -10.6254688798366
-10.7758250863012 -16.8179850319117
7.06934701646041 11.5230225417814
26.9422310512357 47.2114164570038
28.0268611585415 4.20421435012076
8.56890171566201 8.21751219565851
24.7247351640152 7.22966161846874
17.326287072139 28.5082177396786
28.0187233042418 2.45426077657565
40.3729352159863 54.7619451873635
32.8504389075977 25.1124232077034
24.1038025916396 42.8892507993612
24.1658260713861 7.20212145886462
43.4272294838224 51.6339532444197
-6.00966764809469 -9.92982641968532
12.2485906042089 -12.7846317818117
29.8884679310612 41.3816419843676
36.8949299197467 24.1338346756408
36.5994417432072 56.3376913663065
45.5881026252007 56.090597055993
29.8463811813173 43.2363633423274
5.99342709655727 8.37481373046631
11.6742204813292 -8.01093260527619
29.3205883656798 39.7689982951903
26.2797600684792 -1.15142758278525
38.6054731516676 53.4220312628524
32.7666552551905 45.2716691804806
33.5099318509781 41.3664869442835
6.22681931389238 8.14168199653643
38.1211731245981 53.8404400274994
34.9576198938362 20.7509059040745
43.8009000646003 53.8858596673918
19.9518343153897 23.0739391886276
36.2797848694801 58.1171365390069
38.241899607286 17.6328436836794
33.8299388856571 23.9857415187183
33.2649866534839 36.3046815298551
29.5717838252683 5.80905886734296
29.5151757552845 42.6591462708684
32.8748674725786 20.7793370232637
17.1354659292299 22.1663676615371
6.99921883650837 4.09681776067522
11.9725075988135 -10.3152667018937
-9.82347616415128 -11.6954406447232
15.1852241452046 -11.7457093280417
29.6538044405905 45.7298801519011
29.8999769551415 37.4398223447421
22.5780415092095 2.26203656312061
9.77249818596145 -13.4128317924533
39.7376186119958 24.9040954858583
4.42437356607534 9.33043514451899
41.704993506754 18.9759964921846
36.5462121366283 22.2479057707619
5.73445027939261 11.8932272422638
20.6940857271313 6.55890321078362
27.2271591575581 5.62135924660553
17.149225044623 20.274795846004
-5.6433620597177 -11.6924453200611
22.9981713910774 22.4446783615305
27.9532910627796 9.86765900827564
-8.13864591750773 -17.1457698577304
24.2542090875743 42.6645822556198
5.20956352972624 11.3236680752634
39.5210507478026 52.6970250965415
10.8398313823497 -6.6586039679662
33.4173401896939 9.80819687889584
22.9694751476717 6.7778205474092
29.6596067441821 40.8586763449397
6.97135920692916 6.17087628878154
10.7758551955842 -14.3645278938457
-5.78075813903606 -9.31299969455916
17.5041868650113 23.7804740305693
36.0182427619203 25.1387744415639
28.2172753260586 38.1606502017857
28.3487178833845 5.68026968322148
14.7971367540351 -10.0878514694111
44.1303461609071 17.9595426156474
29.8269437900207 36.4864555588431
-1.6258996655013 -9.65520330515248
16.756864208862 24.8517404989284
27.083236158865 41.1091039739501
40.2066142506136 18.0576028575515
-0.429904952746769 -4.75864549469357
4.56596030309774 10.9416246074
23.4494006357311 42.2929843903291
5.5872182657446 13.1566274719226
36.9723797700195 22.6093787449228
39.2574556362974 54.2196491432918
41.4470428566736 53.0529113152421
40.1114528316885 54.0509341984414
-5.79138191599812 -5.37949521623103
38.0447325645326 22.8604300254155
10.20766577176 -11.7095261208214
29.8987002167636 38.9209303744741
19.8283163581722 21.6748526903348
37.4342153055841 56.3807561180563
29.8798244941894 34.9349898367416
5.03859637640267 7.54161728825453
15.6478949896996 -8.11675266134457
22.9629211940397 5.11297335834236
39.7866691684134 22.1519336794055
7.47801029154789 1.56138344661684
36.7203846733603 25.007330501682
45.4034246117343 53.6523638345396
30.1708992076521 2.99372723466339
43.5099530939597 56.7259765408967
13.2652929684837 -13.9734922180192
8.15789342138941 6.97996948720815
15.2962650924327 -9.88326205558303
14.665339853581 -12.7234132485256
7.28246794758547 11.2822895139667
15.29189772652 23.9184070933213
12.2192807546932 -9.7976057454966
39.3358453910411 56.100312947918
14.2992083892924 -10.1156086410578
33.3500803771613 5.51061168979339
6.93855621402186 3.36389531943722
6.57144285059521 9.84546094942255
38.3018775444417 58.5894289251749
29.1207791506046 41.0414374537143
-6.24337547213386 -9.45238262743149
19.3488915520408 -6.94162020836091
-6.27449898754256 -20.8799968711417
23.4239418876165 6.451577586138
39.2119676645076 52.2729011527612
31.02686575018 41.7704064152833
34.8806937639055 22.2718791274897
45.1052116521523 52.6197845742966
15.7104716349776 -8.65064413200921
12.525460670353 -16.2933021529105
14.126107034347 -7.87546777233682
11.519524893149 -10.1457978601568
46.4376900760488 54.155240437349
35.4158233730762 51.8273131126708
4.12145274888169 9.86833284856405
41.946995658778 53.7638952991819
39.4880175243233 53.8256110367736
29.4061974464429 38.9388405509424
23.6693073531234 1.28307747919788
35.2686294705695 19.5949430995381
29.8076791596836 6.40063773709152
8.66464398750732 2.14771708774968
28.2588396229526 6.12798098803273
25.2542600346509 13.2286708614915
23.63126250524 -3.59330861822876
19.5045751591729 21.729600898214
42.0914337806255 25.6530871508874
6.23356967013098 8.39909025922959
-2.73738975691237 -9.02594400549298
24.4662703400091 29.0706947206735
33.2565048371397 35.1985920372553
17.8210914807791 26.1411023598235
17.7797368186678 27.2501474549057
17.5969408190329 19.7000981766473
5.59762671292181 5.2403847807688
12.9923667182628 -8.87504964380225
30.621797992944 37.762021669713
-10.9952943362017 -6.73115798069424
29.5113358865658 36.6952239892325
-6.38599958418678 -10.0922876081058
19.2863936865494 23.2827495911189
18.8398752148537 25.2862380379697
26.601325231462 36.7447742925472
33.7827291194753 20.5790902905069
24.3327765499072 37.0848340826131
37.4963799235621 56.480330954516
45.7110518723573 54.4557287006232
22.9751824997815 4.58958384151768
15.0629572937107 23.6891212000113
20.5747962876013 24.0147588176523
29.8834789466927 39.0240050977689
6.69872549385815 3.21514501674488
38.0750336824324 24.5250701348281
10.7080451961261 -10.0262409510306
19.9795696536887 2.61882014479292
35.2448354517613 52.3709268204247
39.4740341111922 21.0778040488377
21.595914323034 27.5672571968062
31.5504616793361 39.6284874826656
32.0611856806598 19.8045373412954
26.4742836661874 7.51043027903666
42.1319857427184 15.5991105645161
26.5605446110085 31.579670978464
36.6403242585738 23.4303552983737
14.5240433050509 21.8773047611708
40.5543741692405 23.9484960159941
43.9036841232165 56.5144956753968
36.0402418861428 23.0302502887084
16.5937106239771 22.4756457818587
36.9603087152904 24.3718241547392
15.5973804008123 -15.1919268941935
11.0275422594866 -7.51812078114683
6.84888277379164 8.20549496586266
5.16105573389299 8.16917009876314
40.0975830401454 21.4457909137034
24.7427253338886 8.76986380192862
17.1525106953407 23.0828507814572
24.1643692324092 4.79683272430978
13.7108517704367 20.7816920841121
25.3820319345271 4.36036226608081
6.73454439595462 8.93596556785172
29.1800250291586 41.7911769956607
18.1729787294233 24.0049255205116
28.4430123430227 7.09513714870208
29.3061963886893 8.33299893001574
43.098396717426 55.4597066944741
6.62520439402669 3.87296770591505
29.1410997161061 43.960953729818
43.3934927857639 24.7328774689678
15.8343429032533 30.9853142265984
7.00430342294869 7.71381645593155
15.7914635060853 -11.6673173468549
15.8946539482882 -9.65699377140473
37.9809376178384 51.1614162373469
-5.27148113729832 -3.88401802957205
17.8381864595517 22.892131094367
40.5372328478355 55.7125004167029
38.6238684089928 18.1205457821399
26.4658471281412 37.0173668420402
46.1465514851176 53.5050646184315
-4.86220157967768 -15.4284669869788
39.8491844858761 50.0677110190591
40.3173114176502 56.0831441427816
39.8816228330057 17.2369071843933
24.6355456651469 3.30730808222242
45.7722197335505 55.969131032826
27.8408834759819 36.9342969345363
21.0032998058411 3.07672004520752
40.3289541595718 24.77153401136
25.345114712965 7.75812142526059
11.1377930714097 -14.1478978189455
6.64360875050747 9.10873756794672
21.0831551581699 24.7756883055776
40.3422573828544 61.6121815252924
27.7646726670219 5.96575035148435
23.2152736500379 44.6174497775897
28.7513388793011 5.039823006579
14.867811871985 -9.65932505253444
32.5590113154772 38.9184240240982
25.1692222175199 8.69290990882147
38.451042840482 55.647006721909
15.209666339996 -10.4224595461542
12.8117178821721 -7.18720995882052
38.3221443743482 23.3296227833562
5.18722655943605 6.90449597917902
8.2936485932376 -12.9890203352827
28.1886027942329 8.59200311359265
5.71163254884813 5.83439515626052
28.9918698431517 39.8195480021936
18.1495756128859 18.7916900014992
5.87740667431056 3.73323065932447
31.4363244385162 5.90653328532524
32.9047802896224 37.3992739355899
5.77046981545104 7.68765157432831
37.4249206969572 55.1614055029317
24.924315815846 45.2422727375
42.3047266761674 55.2645312245715
5.4938504945647 6.43150328071522
32.6213168839172 25.9563726620424
30.0544812758192 3.23999695003224
15.93479859336 -8.15191572853188
29.3398151713399 38.0804117371863
15.1535220303039 21.4481816777784
-7.99184753700632 -15.2797135309754
26.5208495750529 3.05708583171651
12.4119025638705 -9.37397990570508
41.6188211621557 56.2641259081852
12.2262029914772 -12.5948439449595
27.2339619439051 36.1425515296704
-6.90436178204931 -12.9546283555063
6.42041047076122 3.5005065596445
24.9094070428393 8.14478445213946
-9.12809850429785 -6.72195807331959
27.7708430197159 38.8882527003234
24.6759417817912 6.18187202022761
30.2133087484321 44.9173037954819
4.67770826040907 5.86148713706644
-5.83106357139052 -8.34663203778562
29.0316912587044 35.8074364649105
31.6253136046567 39.812481346957
27.6060664166298 37.0822547632451
14.0097645535455 25.961287418021
37.9351422495638 24.3980863699358
13.8742808127721 -10.5511656836013
30.5512950009883 33.7488440711291
26.9270359865851 40.1791059820337
6.73796817248145 6.5706467776993
40.4182617031185 30.8517095241917
24.336115099419 5.77329076522745
30.3476693489968 42.4857682288064
42.5843334012851 59.1093754133717
20.6228540063251 -0.405233571740252
26.4125999274382 42.3003032620671
40.9559969734779 56.0070329237739
9.20646237595485 -12.0541303148484
19.8808728637712 22.8206996358695
30.4087532569419 37.6929734977109
32.0214542436845 45.3129499493756
40.341935604319 57.2741284989769
24.9241686098316 8.94138124609313
4.94672067800861 9.12762010461994
40.3369699671661 49.8306953627568
5.35680425964392 8.45510446692668
-2.31351328969702 -12.0295030361189
43.8858925926536 58.6388368989416
3.83760093246333 12.101105838942
37.4050120367917 54.3518737199187
21.3281854540654 21.5793839102843
37.147523843632 56.6998809681051
15.9540085800114 21.7483945998961
35.5633110778139 27.391495659357
32.4134956118991 37.91784548653
13.9763457012147 20.6324561510402
40.1883419327726 59.5804445239182
29.069006650294 10.7775796414917
22.2242123755693 7.28663099044186
13.8576135647015 -8.37745246863519
-0.0315561158514157 -13.0749629481991
-9.63967033608441 1.42427953830831
23.8397308974571 8.52297552076592
20.2057973603408 9.84062308672758
6.3399748409517 7.07128393204418
32.7679196534459 19.6769032310176
28.8348117194237 47.468332002228
34.1603110710635 20.9578232672796
-9.34504721211991 -8.43112706561398
19.5605252635121 21.6282801802032
33.2362815613849 21.3158063842216
-12.8835803354369 -16.209788921379
7.52274499766018 10.5717032230567
20.2446846439917 2.15043540109902
39.5051481838065 59.8509613999538
-7.21957081926575 -5.50890391641104
38.5371456201826 24.7219588602861
37.8405914197629 25.6868311211576
44.3922415943431 22.5151899633331
25.2875339469584 2.02748218046127
41.7746593686767 20.9097852930649
7.27642384417417 9.88369426307622
5.50400753835398 8.25711258794943
42.6443626918853 56.0405024270011
-18.6092612793983 -15.9933554267632
7.27771354729727 5.26852653439919
34.8356032145389 20.6974191218058
-4.49326429574858 -5.65536908899281
26.1169616014882 3.50282265217371
33.1403408965543 37.132071028611
13.5781488511222 25.1637284221242
-7.11851028585497 -12.8380859495971
38.0263887207655 23.5228455854104
20.2226607580904 22.4659718968302
6.54024650148203 8.20215052088651
27.3542677475783 22.7329370182437
43.562068820149 59.2409989340095
14.6242174775317 -12.0074034489949
40.7557979984105 23.0006309752291
41.9172704962502 22.1729680914916
14.4246734419417 -12.0750858007216
36.3341910047951 59.0794232204443
