x1 x2
-5.00908332670508 -6.81939635283656
54.1521265926486 35.6155006071556
66.6400744387873 46.4649302549103
122.304090700524 73.6798181217844
8.37884939390826 -10.4630501104305
4.11649161794223 5.25392497731791
23.1419620499836 -2.07697441719407
57.3886474276577 14.5645767388417
42.6637117287333 9.16533063594818
54.5030092439931 18.8107100617656
25.3952051481039 -0.899990304118938
39.3768199436241 25.3620492108633
89.3525555884474 37.408034645595
34.6499440044559 7.46905293993949
50.7511679445874 31.56965641179
75.7488279986256 44.269529642601
97.5489858906363 54.1370954331515
38.1436336029655 7.1579227437094
25.9607413359226 12.0119277528856
102.603442230371 42.083846417553
54.396006762791 16.3651909632327
67.5319890092548 53.1789666360409
102.626095848956 45.7158868210339
8.54495419150425 -13.2854403594205
53.3921519324205 30.3440264213181
55.5600796193174 34.1056162712117
61.2275367330765 20.468596768963
83.9672790557658 52.1321592512106
-5.42522953454887 -4.3841556258329
5.12212210568808 -13.4159200089907
71.9164649181016 28.0311169479969
73.4248079221517 40.1282006176868
85.7829193625946 31.8906893612409
38.3187650210465 6.01041488476256
-6.62921714272556 -7.84559568648606
102.543588815038 63.552310581099
44.7040784734802 26.2421728505839
21.776981123023 10.9561834965681
119.414619218821 70.3080857231755
25.6517384658342 -4.32153459819267
18.4106076890434 2.13155199683937
105.029930664265 40.9787695266843
84.9689159611228 37.5295723464294
102.352440860861 47.4930639690929
85.2048432334538 34.4488573392839
6.53313955405921 -11.160702128587
21.0083781302928 -4.19798848179798
87.7274079058633 54.2350414166669
54.3744470880749 16.9573107407472
7.24767506095738 -12.1804620605907
42.4500938080593 26.9944892452211
70.7745398151095 44.773850613031
20.5240790094269 -3.16922682466945
38.6814200122756 8.02611614278906
87.4321068615824 35.8264185071726
74.2553117406324 39.1600601413932
38.9169424367013 9.91483112454408
11.5341264055837 -11.3008078285377
99.4255699532429 47.4949749424972
53.7094958527984 14.2326560656615
87.0549676090716 48.4623863445163
4.31759549391 -12.4786441873752
55.3548199966937 36.2785938045061
57.5438164216249 34.5947795715716
55.8381231679013 32.8599588100589
87.8243889732952 36.6644499651995
100.536784349981 49.7094175087388
86.7798190160662 34.9046423574184
-9.0663423604953 -5.00233394109111
52.6628053327697 36.8467583977941
85.7942705057075 39.2836661596427
86.5040884028115 37.4411137119896
87.4830967941685 57.324808596486
52.385760839855 30.4630315211823
52.3235470984221 32.3117775388822
47.286541734382 5.72390978975052
8.78116650189217 5.48503704057791
103.671168435264 63.8476680701262
7.56126112348377 -20.4316819582808
119.95996687735 75.2822651414734
40.8952414613198 6.12262762196174
90.163066698995 31.8224976035481
57.7433856518559 15.7932688705889
41.0895391436841 5.75793663041886
6.2154207309541 2.04841603770831
7.42593553425048 -12.6204671159318
8.92053809707251 -9.62317512577411
88.5405383804191 53.1730829356427
23.8874887495782 17.8466723606383
6.20586814985055 -10.6079387188956
5.53171946810927 3.77565563223709
71.9566745957118 27.1835609691316
42.6651081296903 5.3312093696218
59.3194850328534 16.2858755893312
10.0411483062187 -13.6718145756368
74.9857941083005 43.6323117217846
6.32035355951746 2.64421129791147
67.7386319963753 43.4259137951176
8.84945306553386 -12.1512232792697
75.8874775746341 48.0517159880266
72.6401789054091 28.0028611532553
58.833661258264 12.8225668547977
-9.06988270878398 2.56582432376901
3.46582696183595 5.83251306391181
25.5133901320852 -4.54135383086107
36.5589343947121 8.29359750064106
38.3632991739009 5.75580044471876
87.9025451160436 38.6542697389657
6.3157369535223 2.08983207602973
86.2219760108874 57.3458509187651
69.7414380820277 43.9306579985266
87.1793442251322 34.5527353098769
57.0911997370675 35.8056735806623
81.7927320098976 53.9234359166442
38.2646554572079 3.79806101180455
99.7687663602188 65.0653644037903
54.7350682410505 32.7652297037526
96.8802624571128 46.2890363599331
87.253092575448 52.5760007278649
115.017544438924 72.158245057238
27.5110076442151 -6.03609998778023
116.851516030625 72.3683711466212
103.417254524685 63.3386438007424
23.3955432542222 -6.74522058865379
71.1797341156819 27.6359257204314
104.360868094527 63.9364745491842
98.7964173756272 50.6786365092125
-10.7301458831811 -9.44734176844758
97.8974830092568 41.8046362762716
-5.23636058305608 -5.7105999268429
98.2848442476621 46.9874677482862
-10.1960729303878 -5.69599940501212
20.222316251262 -3.34486114448243
8.56146900802151 2.5911094764181
25.8233518665347 16.9820235308328
91.0245218994549 36.3206857116827
71.7683845460271 25.9719358413342
68.5396715885012 45.4154803807857
54.7978844233637 34.6637463831499
88.3968123456582 36.3941399309676
39.7602999500193 3.06949159918143
20.1454230215393 13.8281352256016
8.92874051822247 2.90690656114365
58.8333346762498 17.4200727951103
41.498598466011 5.57809317470054
105.925604117313 48.3212083953515
41.1883412775372 5.86119423093393
4.23477127686941 4.83192941897637
37.7954097208072 24.1221629001745
47.2314034713316 6.37043680238525
22.1842485229243 15.4121408879389
24.2500946158279 -3.20807684972169
9.27751973730163 1.53231264633035
68.1455294882258 46.1116578014537
20.5184736201579 14.1884136238916
40.810104207367 8.34447404324039
-1.30613177794803 -2.56880832147365
59.371103510014 13.9229335052556
85.7954490476809 33.0325473225212
9.82920273466196 -9.42417674352357
6.88150355017575 4.36123808075594
37.7647704546101 23.5553380272306
9.70752837787329 5.63861836389913
70.6963935371065 27.4877938038657
99.342384634283 46.453974122868
70.0858514958333 43.033719530201
9.20645041788951 -17.1246012384996
23.8979998659939 17.0860252618918
87.3389609766924 54.7012113069796
40.5910117664942 25.0661280766832
3.08850616891823 8.36670248269
-11.1739196515495 -10.0747037662052
54.7855981792537 11.7187289083182
39.3303463172627 24.8959656359502
-9.56119697005912 -3.43696059995951
21.4446692797028 -9.85515716828773
-1.7781496710157 -6.80520434405423
6.99551907830859 -14.8541820244947
56.7691735443269 32.3592078002447
25.2867393323312 -6.23099783919858
73.2861458225453 30.5208082340212
110.767260567598 76.5644844290898
98.3360407096021 63.939939061134
117.897192506302 75.0173540652029
52.5894487835716 35.6568365865262
24.4393995709946 -6.18639310058886
8.19187376218186 9.2071004445416
26.6484019541907 15.416193764245
38.7715872612631 25.3460812562944
20.0484058336523 0.124933792797166
105.552585326431 38.7502439257237
15.679640009957 1.34034534648715
55.7784452485383 38.3142045383994
53.254952710543 14.0475741653363
102.418526684136 45.9965765772092
69.1161999101742 45.7257600832369
102.984023489134 63.0642796935352
54.0261418449413 17.0143371734108
58.196591176605 32.118209348758
-9.45152676055502 -6.55140790580884
85.413081215628 52.6338554420225
22.3517401015462 9.37170133337941
103.823364237823 39.6506905949423
-5.73761026441996 -7.46928722500477
26.4800732787928 14.3031535212188
84.4929779371032 53.0674106993912
54.7782315068819 38.8591132024319
70.7596281186408 28.1748664114936
37.8259951487926 25.5628376277307
20.0176717693557 -0.886471418089312
41.6827411585045 4.33255520581155
68.2214393958118 37.2458809994512
106.204622393065 39.7366159294576
24.9974857629635 -6.05283955724237
99.287570562521 62.2270535639944
66.9842803158687 47.1951840539696
98.5709690968719 43.0826521679572
12.1443554453457 4.78731600598268
8.2928224904859 -9.73900744395806
23.8857471245639 -3.94704966072225
24.2275014489948 14.764845006906
-10.1252043180445 -2.35862857262441
26.3766704073714 12.2478904628881
7.87120181425642 5.39637268593699
85.7154767650098 36.2567839413061
7.32500740604769 -16.1484681128397
51.8847956259129 16.4759510437716
54.9857471751387 12.6672303759337
57.9990920950769 17.6890955706428
6.63072608794101 -12.9033135214748
41.376632329219 6.31675117115569
82.9538638297264 37.0640000370026
86.1234459566355 34.9682281410749
24.4181567106385 12.5559237354089
71.5511161790921 21.9594996403373
29.1279939097273 -7.00018187899752
30.5919932297779 -5.46073394134451
69.9580557745664 46.4752592948923
23.3508622182262 -6.58886957689704
46.8219957105047 2.84024557107661
29.7301966404585 -2.59021759556409
103.550493267888 44.7576309905816
-6.59853619588923 -15.4079448018487
57.5688277532156 37.0147176307203
-5.57806715995379 -5.45796216185518
26.0291618273551 1.79485636360713
73.0189358462219 43.4955743442253
38.652424130627 26.6316309733323
-3.9572105068613 -4.35965876967187
-13.7792186168804 -7.50481388418295
87.9557575145006 33.4396732499225
41.1337244330279 27.0887290314654
44.7611169603622 25.3610648322933
82.3611972975675 54.6711793663009
24.5817883877491 -1.78956694211407
39.2566604395786 24.1831816783644
24.2826775928932 -2.10052338802636
65.9900573072435 44.1310680825946
39.6511770516255 6.86301438901544
-4.11498881377145 -6.95109737156535
98.8465702467377 65.5907207413182
-3.45058163128204 -4.72947332328234
49.9065457742509 13.1067392700116
115.687870822109 77.0831928311196
101.117171071854 62.4632290853214
70.2018389074632 22.4204975203884
99.651390933005 51.825577060618
25.7367241448637 16.0829933397395
103.823325334237 64.7079054521395
101.663888370717 66.6205515218295
71.1747443990973 39.4078883040791
-7.20075399293337 -7.16460418159538
7.64429020207765 3.44586835040913
88.189565101331 35.3658453627393
56.0972160346805 28.8695554875085
87.8808582789506 54.7984627652262
82.961874305587 36.4612268813225
41.2598981818059 20.3414225731886
56.0285084463297 35.4947960940695
106.478909477128 64.9182102136681
82.9498865931377 54.8234322462127
39.1114848713669 4.8188448428855
27.4440171670197 -6.69116718925997
68.5088991541223 48.126533536909
88.2059809042846 38.4923280615673
35.4648143229976 21.5611528253615
102.4817936895 43.1134590731621
3.9218682072678 1.92872642064104
101.66369374355 51.4244365317309
40.4958597673804 23.6476151434178
56.0182780460616 32.2076851749393
-4.89143591818435 -7.09073838466914
37.1968405196822 25.5392834915262
36.1849307825716 8.34884561826561
87.4004338800034 57.2161935016133
74.17327755331 48.1118850230173
104.953100200102 49.8210015738866
50.0143511035946 37.4386131577228
60.8866807900773 35.7198596028487
69.0148151550481 46.1984136653655
68.2012696175877 27.4819437484388
9.04662406409848 -14.2887072504595
89.9170963209619 60.3044464219461
55.3970793238926 33.2969935864888
117.29616286815 73.7166169485779
13.5152147096958 1.39592495144337
38.335969427424 6.11012217562073
54.7569972863822 31.430328538244
32.5346877446157 22.8158513762937
24.713700456599 13.9863111696548
59.2179812635866 31.1895518580914
25.7676503247342 14.9028485369337
70.3991301060057 42.9092523034784
71.5139177017491 44.4889249165994
103.660164265195 63.3712797788212
27.8656006239049 13.0081262743159
66.8064782141728 40.2871382503715
73.1195174688408 26.5186484283893
102.225694739286 63.5373125121398
23.7518162826436 -3.50561706946577
60.8141273511686 15.1511270258532
25.5634730455657 -5.97298575706351
23.379553005108 10.9944232208179
5.42973566466286 4.38114548432151
97.2257208306899 64.9862512181876
117.252967872188 70.4069304612766
53.8573758187521 34.8524391189281
39.8967077177286 24.8273086755966
73.2896708742957 45.114869451773
41.4894949133407 22.0935506094913
7.19121184235671 -14.6963738178638
46.8830929897882 4.16698495931646
5.80088100113137 5.13103003605118
71.784236861749 50.6221198991682
33.7473835097994 7.42187386936174
58.7626492512925 32.434402058776
20.18023138166 -1.1923892527308
116.156205844612 70.0845658230233
6.91189035728376 1.73004877204862
71.8779438401435 47.8426106597639
104.559851714565 64.0311033496608
25.9395003455048 2.01275297913097
24.9761476312303 -0.352433964920566
-9.62558270878918 -7.21779988128069
100.195597489984 64.6159014282493
37.573961042699 24.4954112726078
106.478273899237 41.0380012806832
52.4063533028789 31.1077910203975
43.8918650733268 7.45452703367793
57.5272447061814 12.7805349015224
83.850369722478 37.6947277475751
102.01542110665 63.8058363131949
52.7586872322896 32.5654094343215
68.425014245544 38.8800520418441
39.6177574903169 24.8448748113693
7.28554803348803 5.50000618534897
85.9562752849377 35.187793425245
33.4855292253545 -2.11569814136968
99.8231865091107 63.2690261862266
33.3521529511394 10.1058969082738
99.7461476120394 65.9749184483255
7.9184363004765 4.51416454117221
11.019450056271 -13.3908943387615
86.1960692053476 54.2979765775446
41.0111073070451 26.3942347745744
59.9550409166415 36.2460837979441
85.9486459027877 36.684901271473
100.211692763414 66.870398972684
57.7244718472949 37.5193996981216
88.6821246668302 52.8832235220395
106.474961572782 65.4725320035091
88.0839992697867 37.2752520214854
53.7401758880999 17.054121094461
58.1785982363157 33.4396830286424
-6.72079558073651 -7.95330325617127
34.1425545810321 21.0033927370086
105.057491409051 65.2307811790857
72.1934878962035 22.9987170391627
73.1458969638392 41.3724456492837
7.15447816386281 5.78588776726735
105.731365060743 64.0721490938443
98.9892625383381 64.0431603392216
11.2738871187652 7.82855951036973
58.8391840268007 17.1770151454926
40.8820000407543 26.6681806757545
23.1610544107433 -6.93071179435231
26.3332997542202 14.9608291366619
72.0047665133587 26.8121975009096
6.25540684640657 4.55415776029501
6.99823679228662 4.5557295684988
103.851209386086 46.6844165901159
106.932250757169 46.8435809119766
53.2910624445869 10.644802463207
36.8999168380917 26.237399602359
8.64692068113535 4.12289662139013
71.285838591104 24.8789206771494
-10.9146757863989 -10.4128187947547
45.048590556376 8.32989226883161
44.8429660360651 25.3598668822459
57.532848090017 9.87931294097898
37.9080608565327 9.92473532560292
7.07737958311862 -14.8225342199845
120.915491863993 76.1072694337578
113.87365539579 71.3461512727198
102.11242119421 46.3895118061119
9.25509068682575 4.06452667683998
39.5061924748688 6.74628001664565
90.6220083381893 34.7869976022979
85.7346162839687 35.6582285778747
72.2470139663392 45.6436987175099
106.704818708533 64.0575162755461
7.75939656664649 -12.0096637931706
39.3696493021891 24.7867958684743
10.5191976316057 -15.5473137068419
48.5278973808353 38.1289286621938
47.6092634055535 38.2114644140986
35.4712745204327 9.28136510659461
71.2418959273393 29.9188777502085
24.6043981685269 15.8699750198615
9.37668572502654 7.17813538442257
71.1094155021149 24.8053097735715
54.7314487375918 35.3124990399077
37.8075226655857 5.74146205899004
10.3643135262021 -17.8877128094572
69.318482477652 26.4801486416722
71.7627393605647 28.5217381716355
91.2905635753135 34.7357657507116
11.9744265916201 -11.9779989511037
102.046470998002 43.0737579397046
119.795814654771 78.5637558240606
71.6363378422559 30.299458005323
88.0818829543563 39.0562122143168
96.0215804448801 61.4873294088024
-10.578784233434 -4.88382726212202
85.3735381994796 53.8737960476921
56.5412265309348 13.2741236219132
71.6548013271441 41.9671146257774
101.599794752261 64.0265942572917
9.10513737145734 8.04543508032529
39.3169710529417 25.9191223483834
22.4428799497635 -6.62519408731254
3.2578156502037 3.12161304349712
100.773191346351 65.9556810725162
100.532928987215 63.1623852601624
5.00845413276289 5.14259672610633
36.6267911777238 25.0498326315179
27.5538163797092 -11.8836441802819
116.440926013388 81.3942730144135
8.60794194595906 9.69157397022663
40.5780784044823 24.2935507076137
70.229052816521 45.3358328695175
71.245099500766 24.6467321011044
84.1461363187845 56.7423131703765
9.59424329167528 -17.329074076816
87.4725700124213 33.3710273661702
6.68265975754029 -13.3139559199258
70.3144517793751 41.409157407183
-9.55998047884405 -7.75114006826136
72.7365511469583 30.5959090916738
101.163442037686 62.3958792321184
70.1241776911061 29.7097340803691
56.1452098298727 35.2104183146771
41.3384810583163 6.31801661925642
8.26993836670986 5.01884099659486
8.18055225074908 -13.9152776069964
90.0805419697506 37.07266023208
56.219784382598 35.5227236991024
86.7187955043907 52.9384466469715
6.78709538149164 5.22600289389051
20.2927780093207 4.73819255547505
98.9931485333214 62.3877049427113
85.8957238648541 52.4383748132279
21.7448690900839 16.122130545351
40.6923890381155 23.597354512582
51.6046822913115 39.3883033955227
33.238456018887 10.0665720565493
55.743256159936 33.9373805558599
102.32241688152 63.5935894096894
87.8523681552067 33.8712250036339
11.6595427450285 -11.6961404313255
48.5494479967094 19.6118430638855
49.6858150524843 35.0078452334435
116.697884577423 77.385803345677
25.7693620704358 -6.60646316839888
40.4192860380383 23.9210651905511
52.5775380961436 30.3325008636437
55.572337661809 32.4112065097666
55.162468783574 31.7395989824222
-5.36737938921652 -7.57714529590947
23.369372186133 14.7468295728496
119.121839295524 73.2478595767438
27.5715003805195 -0.920776693921008
-11.8985992062265 -7.29685509251201
69.4957906939891 30.757973075323
87.8607871667188 54.5819577775558
46.1122978800261 4.81038214953708
-5.10529601605706 -3.42220662539891
30.1978853813721 -7.56312032110275
8.39456901881791 3.77853833595978
69.6916662924197 42.2021484070873
22.904625101828 16.5213103856724
86.5916269663878 33.9493361924383
86.899763826003 59.8944195912032
69.7009299884595 42.6021020356257
73.4496697153292 26.3215497972284
37.4957876477932 23.4009976529739
4.93339180790422 -11.1701516313152
4.4906914474159 -6.65874332740366
7.55967358687799 -13.083319615311
21.2213883166537 13.0824173976394
24.3955515867488 14.8863440181235
68.869527945249 21.3067995761512
66.6876463116928 48.0448768493548
29.5011786654304 -6.65354539914025
26.0797496986756 -3.40622295139972
85.1391280532186 35.257375957087
27.6160528623896 -2.62386894485703
24.0963589202341 9.28060430847452
26.9868046241855 13.9456198039905
8.80947665669114 -16.3631361650968
40.9484651032468 5.72427854109009
54.6200492951508 38.4526702100564
70.0057776510409 44.5025090198117
104.998316446145 51.2918502097318
86.8807071092096 53.4363054272105
6.97943868836382 1.58725539135286
86.4282745932128 31.9194339699291
7.57148619949767 4.35064963863223
55.8717277064092 20.5745308453751
82.4248322167326 50.0691551675591
36.5173471499925 25.0807445632072
41.2735332926656 24.3729368267013
69.8803480254768 41.2845784513556
30.3917349701208 -3.87551034906038
104.915045272594 39.7626591776707
70.0255187291807 39.8663499106846
42.2667414373867 9.3489388723267
88.8200163711122 52.6594681828122
116.786602849653 77.2712829270542
23.232227947571 -4.32424915715861
6.86601314133812 -11.0714169896221
-5.79050594789959 -4.06737900885392
21.946823231967 17.6129764304098
-6.64122193042445 -1.97522225589068
87.3741401469683 56.0659483340576
38.352393276081 7.3975955814123
98.6249742880296 67.251632149389
90.1390237462486 35.2370781043622
-7.07884489384266 -2.7753036946751
102.809250325839 63.520161937602
-13.4191759311218 0.214193989715913
69.813864734669 26.4818859061889
86.7145039033172 33.5241883315282
42.2109146431916 24.4444438213781
121.930084875746 71.9796933611512
107.962290742097 45.2469382893469
41.979280208393 6.44123058881848
104.766876522658 42.2472844807427
102.751062436813 64.2672772308212
86.7943352017976 50.8075991086118
-6.7398001968819 -3.25800901790394
106.014555744034 42.8889935031746
20.9534467651619 17.2397998217421
105.144755304101 65.1727605849982
22.0012365014379 -4.65072960224199
54.8054971163023 35.8849347167119
38.5401698814477 23.8698347147259
7.83328574162922 -10.7517780556586
87.4169054273094 53.344214760667
10.3969379803149 -18.1272776159398
100.197425995464 45.703837987309
9.93220723687507 -19.9364581199281
102.119107079026 65.2160938777076
55.4928843754091 35.5947356334501
50.7954387242233 35.0119026151922
105.619479908578 48.5520881481221
22.5938036681788 19.0561390426526
57.4676788371888 34.1494819501394
44.0060114268502 26.4610915530444
72.3505047704893 27.6366916406593
62.8229727716994 11.2592568688896
88.1579355788272 54.7723438512645
8.35312766397088 9.06746874349271
26.5464906562256 -3.86759031934042
87.9332597238333 36.0516696785003
7.59984487469139 -15.9664998699731
52.5669743190022 14.3839436449889
72.4289682219426 43.9936266034086
12.2987080471161 -11.6113357093722
106.607576183987 65.5009633839571
86.4889070928039 57.8766783102848
37.922816011442 5.26752351898932
58.5701664204489 15.5292670983292
59.4215583905597 32.5231018879745
-12.0737632282772 -5.15984751851898
26.6706179881114 -3.97255257984992
7.86887275064206 -11.8816149722881
82.540999749208 50.7199654529904
100.993443626128 65.4614219194101
7.90261098589376 -10.2436165820641
104.767036866453 46.4773775380485
88.0641459854151 35.6064689388998
102.522985922885 63.6006506413302
86.4503471514982 38.3032430467712
52.1469981392704 29.9205383627372
11.0451079930736 -17.3596503911729
85.8225657184987 56.1570762707685
118.744069392103 79.110261749968
42.1783408971887 4.60003535246108
-7.60303358565349 -6.98558473280614
27.1088901446095 -6.7841708993589
69.1061800582411 43.8380570958462
69.7766896408632 27.1971256569895
19.9184867462969 17.6957088304738
10.9964290060162 -14.561727087552
35.4446934725104 7.60551967338636
56.8939665474327 14.1973067976373
-7.25341204085774 -10.2702789983645
-12.1367006100181 -1.98455638177496
86.4070609684012 34.5130502870533
26.071569602669 14.6378628550884
83.2339117653471 36.6060141530751
27.862407443189 -1.40331623825681
70.2543939559141 23.633354302228
7.2824856246798 -10.1185653226576
19.0837198264444 14.6753874119636
72.4066684861913 45.9841568917126
69.6113599189945 42.4403056748172
85.497115118126 53.9646135601259
89.0429151667435 50.8093281320223
24.7088995465441 -6.04552551630895
57.6464716849022 30.1040021335647
22.702295051548 14.3471209870567
87.367996085317 35.8200753641514
23.5060395834962 13.5505597080707
52.698108741813 19.3375462644214
88.6814291514586 35.8399606903737
-5.6491721248652 -5.96276338554461
56.8582898029676 34.5372639159226
54.2039054043605 10.1901858695112
72.7163817945803 36.6671123575554
37.3473011858987 24.493026005779
27.7080293124056 15.9553454521187
55.1426247026044 12.4581673914394
-5.93173644940875 -0.772390205284534
54.2805727987839 35.4507344524095
118.441202238043 73.0318124312135
24.8556396045374 19.1451383198202
105.4277544501 65.0713953823267
26.2525970152916 -4.48501848802389
23.8533624575282 15.0131880239516
104.108129756861 45.0725820884749
88.974947400601 35.2879103312522
53.1373884304201 12.481180032055
37.210092446619 8.74329403931048
36.2005346490096 7.907211530573
52.2401526001412 36.7582614163072
87.1266799155902 35.9116637177946
39.3820806636482 25.0914256980721
85.7157026758302 35.7422894124819
105.603846001505 67.2608802569269
37.1929150132874 8.13021349604033
70.5307278148395 41.1665429984468
103.89189014815 43.5112937026151
89.5131520499616 37.3054403272518
117.869930739069 70.5016835855615
71.4001356234038 27.5074825369862
35.53903121435 7.40313017787905
70.9017121625395 40.9128273573541
-2.68919852892328 -5.53147014428048
24.169001113689 17.1360864309568
39.2682758963061 24.7346508057279
68.3561642034545 24.0110785707037
121.226310694757 72.8429630051138
8.63443089469334 6.90057334076815
41.6267414167681 6.8940277066009
24.4392738157659 -6.08161278422453
106.118415308653 43.8008384677631
71.2037909974422 26.2830541151633
40.683760912207 25.6527195624011
105.619405561536 43.1057728774932
60.2267631168945 37.3533906094295
76.7308636371564 40.1205816078267
23.3152382689837 -2.1097570373041
-8.04616560622964 -0.70443476490203
99.5822502174525 66.746790543403
23.9954173354685 0.135558051014925
11.3904111451279 -14.2313017260018
88.1907856547354 36.1673734830941
58.019157961987 9.65761855784788
10.8190453805557 -15.9569016491018
57.244812015605 15.9521479061402
38.6830262549612 22.0209285605215
37.0538421888643 7.40871952845672
73.7439730965106 50.6393092579437
125.449971987247 73.198371650078
104.216676143215 62.904510010107
70.9502407070504 43.6747007057478
52.4733921575118 33.0555563083526
53.520733131741 34.8962611230918
87.2969084516835 36.3676489422042
37.1775215348135 6.68354483455563
69.5765981384161 49.6929461583858
124.081435457332 72.3406459566777
7.26222480168365 4.49951749736825
54.6235537950799 30.9622579618099
58.1417663791469 32.2124243550391
7.44150261541972 7.38202669693555
4.05210973494659 -12.8778148918739
-13.095674720983 -6.09490578197644
121.54946723476 73.0963554702824
70.1536381092476 41.5788874473718
10.697989315456 -16.5319768185392
116.125860713903 73.3741334288324
8.91279595543846 -11.4956990643068
57.4552334329921 16.1878414478496
29.9967967836892 -3.80802112365786
71.5956072077961 30.4918871836646
9.02255656167158 -13.9324595873472
52.7232772523783 34.4648502227869
24.2260379724393 -4.08412706219651
-8.9198865397964 -7.90963736999246
52.3496803109212 16.8716715820545
40.5217296559706 5.49857378819227
55.2519482841143 36.3957722218142
58.0536514321154 11.2757386600352
60.6019155052928 34.0335474539188
35.0823740334105 7.574794777345
69.8972158436863 27.9688221406681
88.0107477530058 34.9835416535129
72.2763777921346 45.0976008836349
88.6686472921743 36.5303564547114
44.5479541630455 7.64591296360067
23.0513117883798 15.0007836607756
12.0059843810485 -16.1676451792841
25.9064692850559 18.4092623738128
57.0008313035223 19.902029806919
58.4450200076492 16.9148788136596
57.698708523008 19.4715317332563
54.5980590688649 16.9706010105708
87.197924698465 40.1332404766293
72.0317980366929 44.3370287250863
6.09244616367848 -13.363284493745
36.1600607759974 23.6361689803194
9.2309701015558 -16.6773346370894
58.3528440560628 17.1531639755567
54.9140560184444 35.3084137278201
99.7014818440014 63.2740072686368
48.5562986947681 33.421996733121
54.0139502300941 33.160208892656
-3.43554658883381 -6.13309879138175
21.0230689404838 11.9341990607989
104.085442102622 65.4867653331282
72.363524322366 25.9177986992724
39.6986655491768 7.38962085012163
101.217977594673 61.9778911106762
72.5726466942989 27.7035369987849
57.949793412494 14.62302351297
6.83957624547779 -16.5764852478386
7.61634047335012 -16.8795523209581
119.881669056141 70.6139878723897
39.1928494790753 24.974653432355
69.2229536477217 46.5930412080959
106.690622981031 48.2185641125742
-5.93165637722409 -6.6264318545504
36.6982288399504 23.0510091250131
85.4426509994644 55.7106354101211
101.390586043058 64.1974100072996
5.94768835362881 -11.8679906106983
102.99477999004 63.824546665575
42.4026277927605 4.86848989442565
100.115029969632 61.4814299793517
8.35856248379251 -10.264762138437
58.3425908982476 17.397322401155
83.9471649667475 34.3852988580246
106.234159752273 61.8141657286857
117.634467588444 72.0668031980029
101.4036576956 42.4126156241204
39.882709916023 4.52891033109095
25.0153188634143 13.2662608159714
118.48717080165 76.1345776323009
52.9519191048345 33.4888833504127
54.9168106428557 19.7374774682395
70.4188787325389 41.2304370658822
-4.01438979259815 -6.36306412391365
118.547173798083 68.4178142566728
50.7103096280691 36.5202407995904
6.9019426079019 1.48675483372039
58.7324645480462 15.6335633003047
33.467521920097 7.81099587021834
24.4401727794841 17.6364220380272
43.5544290327684 8.02993614388811
82.9036114823983 47.5053852904394
8.39045940676949 3.82179304363369
58.1759102519822 17.0292561221414
37.110219239893 5.35478371153225
12.6730993284489 -22.3192172199355
102.061733098788 46.3980495661916
25.0424813259457 16.6608489226455
7.46400544806387 -19.1440187134901
18.4477672185557 0.81069727629026
9.97764417782848 -17.5012054693876
25.5830632493022 -1.93776213948679
38.3990382565937 25.9758712439828
24.9277338735792 -7.17601132575821
70.5805244231976 24.3791127628624
71.4542224280274 30.6389269970602
47.0408519607255 5.8134513514238
82.7802632282936 34.5958215098425
53.6218384628752 15.6397677994017
28.0374708756351 -2.64527069541307
7.6211982273118 -15.53413685877
85.6596935059872 53.2606287604944
119.151576862826 67.2551607028014
12.7221739151515 -14.5475942267067
73.0014475738677 29.6933946320961
72.5178394042625 27.3112805764117
88.2621797502046 53.496489489788
40.4874440053927 26.4626764872843
88.5399173878653 34.1987816143195
104.210765441013 64.6353337647129
102.400124675779 44.2272380142056
48.1815151904619 33.0052095269404
70.8017163216283 39.0661627094189
72.2571494097394 28.682504785211
57.8150859177283 16.0989142204409
20.6638831042155 -4.088765592877
8.78901049850981 5.00702676453706
18.2146707250576 -2.63313944788205
8.67113683713711 2.75570227204493
85.3831296175833 38.0051532226007
70.7460009341896 24.6006457061579
104.071755002451 64.5154094612567
71.5099391674936 26.2647127192104
115.525414086538 79.4074486234923
55.1376831296221 19.9248670381318
102.434624906506 37.1028158519169
85.6561590170031 35.2769035620709
82.1490307799406 52.381583984913
100.11859614035 65.8204702325126
13.6379159850723 -16.2874792078382
87.2102859771336 55.2764226621576
85.9367327686044 36.5276587193473
40.8898674792016 8.02489300126115
41.3576467424624 6.97470572330033
9.89663539561818 0.487099201684741
7.21757870332752 -12.5047176198589
9.81613249025388 -18.0994254895206
90.0853116200719 56.2369463189384
5.87907206197206 4.177780946048
38.9476598407747 22.9522123626204
-9.87518516150319 -4.50947870048524
53.3644995680562 18.9557536190632
116.436866000061 69.1311521832301
46.0817675614009 5.26039116718973
22.6354092196137 16.3104841376757
38.724581224484 6.78216483959178
48.3099493046502 17.562693492716
98.9768156984734 64.7236745307314
43.9363339895794 5.69913943848457
102.867689970874 50.0157929381457
-12.8300319123006 -9.45976111918167
6.9850102875757 -16.9478977309306
70.7019804079224 25.9664560260256
24.6224585587646 -1.89154554600072
39.3026034953542 26.6533829825136
40.0801463867832 1.05651260814911
115.233898160711 70.4167113448926
9.13820060187285 -15.2090264458655
88.3408561670177 34.3640215116159
9.10236844927232 -9.97161760277344
51.112757959956 37.1214117981705
87.9954771693247 52.4971915329491
78.5768531273833 40.0040091113764
42.6293835853675 29.2644190425928
73.9468596601859 26.9576718411162
57.4983469720609 28.8962092424521
86.4378557497849 35.828120018084
69.7615313514469 27.7579273892026
43.1070917119899 28.4255328925088
34.2345931910407 23.8227906996138
105.547312689599 50.5249715582165
88.6947259794238 36.7150160163316
10.3106319106936 -16.0856213050715
29.9506668852482 -11.7585620152702
9.89681545569767 -16.051865053258
23.268180807754 15.8818905485189
71.7339910094436 43.89995476737
100.062164871641 64.9174753561635
11.9195964542197 -18.2295786505109
54.3467647023007 27.463929515691
103.963821511758 64.4395904789662
56.5728161981447 34.7279561275629
102.746247550634 40.2370374588949
72.1507551312137 25.8066440202216
32.0130555113064 6.37492375745607
57.1422604717929 13.7342871694708
42.1972943898502 6.50140222060626
23.9154214628005 12.3082601913782
-7.71489096166695 -6.43755822375881
69.78627572622 45.5856403313171
53.490538693306 20.4852928154008
35.7994488395853 23.1174554875024
116.566629026572 70.9442775368568
4.00530127180365 -12.7045536580835
37.0708977663153 21.9745035849817
115.851298243325 72.7122451018031
115.996819659121 72.1716250067329
71.0913950460556 25.4532472592558
54.9068025027997 37.5496167251632
122.030163258359 77.7449136103627
115.969427544192 76.9415347950497
103.487620199015 44.2062607586681
118.916428289707 72.5425355336496
119.909024033408 74.2631296196108
99.6277608588848 62.2813459569431
52.9241969228473 31.9248773210117
108.398890852923 64.7157775235932
67.2993716651818 54.8489358363715
10.2194074012052 10.7986026004335
20.1580426497668 0.560861828193038
53.98058444635 18.4312330782344
39.7763723659893 6.25912618976417
81.9163904182241 53.9138403681194
85.3562976794023 52.3040203553904
56.1716768483954 29.3959892254113
101.850255111793 63.0624915052415
117.347013514887 72.6185043556215
27.1575732743233 -5.14160591692524
87.6183548603315 57.7326566257618
23.4029590987553 18.8388926122961
53.7239249524972 34.9425565536109
50.5292962725948 32.1777684987047
72.5960742715119 23.2044276991853
4.0808786701297 7.61384020830249
53.071243521215 20.023032563631
54.6359804688492 34.2542153535228
70.2683548486706 27.0064674961622
88.3809115717252 36.3714776003824
8.98197433789128 -13.4019350892052
8.39359926427144 -12.1651803987444
40.9490019326452 6.36762851691481
121.039599019846 77.3712198762532
40.0348217101387 23.5975522190951
67.7135697266737 49.0423898677449
35.2294624137893 6.20967635092422
7.32361352976291 9.71964665573614
86.6513082142345 35.5024250788135
20.7605221914905 12.5242488306334
68.6081894432434 43.9975160117676
87.076487748498 51.44573341957
21.8653836752328 13.1277086970478
-10.0930380532196 -11.1439322833704
41.6306148157171 5.05044534266286
88.1527119708913 47.6476585473477
-2.00739625457757 -1.5357305297911
105.795074654387 64.592816235004
38.9188949504401 5.11234222306735
70.5788387766439 39.9229967283407
84.8513004207801 50.753734748767
49.2944432866017 36.7703676734942
9.78380591727079 -17.3537351848586
18.8478836055712 1.81741557405059
22.7509008748088 12.4715159642129
21.5919553438077 -2.4535918839408
104.002062291868 50.1629375431613
24.6444404003982 -5.04647410714731
84.8968389417579 56.4069648261923
72.1845632777704 27.3557033084834
102.112926179458 64.6544598402109
55.1408644221182 27.9978067535322
9.06848920639982 3.8985304649772
26.6806663629271 -4.21591454497988
10.7561728043162 -7.93160473863129
-2.29626685209491 -3.65597824469108
21.5109571204419 16.367241989679
26.7220713062139 14.3302768849543
39.3173604741805 23.9607501793283
36.1404015665122 23.3775603552265
9.4260086822602 -8.80374620741351
90.4428309800193 53.5052260426926
22.8744576073661 14.3321389583485
72.5793471681944 24.9602018724797
9.57151865729667 -15.6728652329748
-3.92033258577903 1.03453126444102
22.0499889986531 -6.34049899701244
101.663187927447 64.6181883187917
41.2961099621151 6.33318305821086
84.7817040432457 53.671023681484
119.625771352309 72.7137523603834
82.4010662257708 52.3484394389265
6.37142390674704 -9.83097053798201
8.37816900631477 -11.4440551490464
87.6950039216142 35.4269194988751
-10.8302445822759 -5.57946135353633
19.1266123620225 3.539379238105
-4.77198678244801 -2.21898471289748
4.14041245313322 3.07263559335543
53.6856895424929 14.0405425449915
86.7434080585461 52.0801875180489
9.10798292781304 2.45292531154719
30.0099246413948 -4.09933866058304
122.697730149854 76.4170215030011
-11.4158646593225 -5.77870192233225
23.5343019726934 13.2051874423836
22.3505736875669 13.5458934060754
25.2047876803733 14.8239608081707
26.6489183159897 -8.16040371364789
118.616953328764 67.62092785731
24.9220959101636 -2.9573414431855
87.878920838197 34.9035590683457
32.9515755532898 24.4359023851898
51.289963891346 12.8962106551499
81.7888570951012 49.4810065970022
12.8307624983759 -14.7463855376109
22.7914588270171 12.5224067392362
69.5904647159902 47.5934520147316
54.0121373250589 33.6137163051801
74.5955224628175 44.1081620891586
10.0446024028778 5.88802420930044
11.2864494472711 -16.2819729475552
39.0239099749591 24.968064758317
23.5633712243865 -1.17974375764822
3.88028440718319 -12.9377621725768
57.121177652251 34.6959961282927
100.545134226859 65.291645376882
116.196938995816 76.0403287242808
40.9326064247039 7.43713292875856
70.5264858105165 27.322368686384
9.51741652255829 2.7737389160643
54.6737218842683 35.4681809957584
85.1277752903079 33.944600987301
23.5615753454343 12.17829696266
22.5089496125097 -2.85096822122128
102.831908699741 64.850531777002
8.35490754942986 7.40519869812514
114.911842658163 73.4834719592376
23.7548542267342 15.6787132356706
100.584244804993 49.8461312373917
8.8663465098278 -10.9045573918849
50.8872847742509 14.114254943944
70.5000153101534 23.913524060816
103.510565258715 63.6927205855498
51.852022623343 14.4222379224735
85.8332763300078 36.947284632814
56.2454065615012 30.0591280586112
36.9700221505433 5.25907926958109
98.7114880576288 62.5376148049926
67.2882312731667 45.0269669091721
70.3511301135996 23.5182704217395
52.6106452056381 34.5855524684468
102.192172523074 64.3459508993758
106.873817685691 48.2656282591559
71.5756773695454 26.1814654319153
49.4845117280048 15.5812167731457
51.3088608585317 36.4490953879722
72.6469466350548 38.4876976146773
10.0424435546926 -12.7773967848805
21.5061470834259 19.7773103823094
72.4294288420797 39.1483571369557
105.013088062081 51.140708721979
20.3484722741092 15.8580001895888
32.126087570181 24.461985553078
119.416880385969 80.5752234754827
25.015208378649 16.0195618157181
71.7015470507755 23.4111713481672
71.3488218940404 24.1043648915904
71.9547217833368 26.7064064856812
70.2195610936981 44.2318171752607
77.6429496380603 40.2378370014356
69.3799388207307 43.3392502037147
86.448312914156 54.897003972783
102.824093258951 63.4160368605183
-6.87445957357314 -2.91850465069894
105.899420073592 65.2330615992084
27.0453631496767 18.0094248112276
73.0642613824017 20.0277161426223
6.46617485493657 3.40817453179512
99.3621641225533 63.8436933613731
40.7100137305226 7.15344929980789
58.4745833833122 15.5346683664635
39.8660634728949 23.7923690240161
46.0452546985215 24.0856891924733
71.0165965828259 26.8315010906549
99.6092819946549 40.1451747202398
25.7872318976814 19.5473741023577
40.032178211876 6.00033387773106
87.9657114113471 52.9364350604883
7.12521522382684 -15.6683009335474
-6.74608879642631 -6.95599000649568
101.721513363258 41.7861350995124
112.724977138436 74.3541427348969
54.4107230909032 33.6547139997851
51.624301917252 17.6385263612172
87.6049900427896 51.6392094656142
10.9675273348259 6.1042241461622
39.753985265074 5.48021622166068
73.0075198435346 25.5936588548715
36.9126088724702 6.11973005027455
59.1049754008946 15.3097461486451
37.6184398165678 24.5765063952044
88.4939238214555 61.6913138154287
103.473031356743 47.3143874449845
33.7444962197585 23.4219708762635
-7.34331216441578 -4.34318524282262
5.50514444209962 2.41932692672672
70.383343131468 44.47388487516
71.7203428501802 28.5694440247236
71.2483732881468 43.205571357993
-9.68142111951321 -4.13272741623862
81.9363479273153 33.7876283592783
8.41058216199781 -13.7114264338711
-11.9318362234564 -7.11908746651761
96.8224620832378 65.2773713658149
52.0599272244185 12.4096357199519
20.2592397270798 18.4814161528817
60.0190290872773 40.1861642618268
70.1840065851721 27.0258928088354
70.1755188544576 24.8874709020162
10.7778392128285 -12.8527769365634
104.690520655666 64.6138061659189
71.6850540795214 23.9301213921905
10.2929120834051 -13.731175116386
21.0632259458126 16.9889759319743
-5.86184795912807 -6.7293374920387
32.1678260234258 -6.19605941273173
54.3534018961924 33.1210023538044
88.6286152817483 56.5929723143154
39.2299655205395 22.5466315765932
69.1503376573594 50.8869679818243
67.335538163297 39.8016691872714
43.1928388188664 5.95922284325381
53.8793059319079 38.6386276916277
35.6925536582024 26.4841631854917
84.4525243075439 53.6479687458589
9.939772552713 -16.8725782017582
92.8616083851876 47.4267139346265
118.901433346807 74.3105871094386
110.583951107628 43.6948673500068
90.0301157879075 58.464063803461
39.1384312408833 2.99996924533894
24.5490960569821 15.06768293912
7.94190684523824 3.58120253717596
54.528446734815 35.9476015503638
118.656879206073 71.4439848606965
40.1557244373258 22.106794014449
38.6773511224397 6.83540441546957
41.355708678259 5.81507273713555
30.3545127572589 11.9687084670764
67.411879551795 36.6711435568774
37.1243963887638 23.5090710720069
5.40167492183588 -15.2347104922053
54.3491716491146 15.0767845256631
115.486107669623 74.4444469662721
39.0901873764544 23.0792142800255
7.2910193992315 2.50589771877486
5.33247429169798 -11.8772945749484
26.7689787839245 14.929129264216
43.6203026395007 6.82894849818394
38.7651945532196 5.90297303906909
98.2533855273495 67.0375143303621
87.2007574277662 54.8413516705868
72.7124521789547 31.4215381888406
61.8087702071504 9.72875909428642
101.517376343409 65.0789915851643
-2.26418999741595 -3.41596520970467
24.3497215480765 -7.59960733571245
98.4540318672219 51.5114171432137
24.5643444757422 -8.71399403736233
5.92621403727173 3.89820133218352
102.625801693689 62.9196600944158
87.1171935888289 35.532019233167
89.3449943356766 59.918451061027
7.23784510736584 -12.8593393828295
116.955875338606 77.05926620876
27.3225137628726 -5.29417481723877
102.805905700993 64.9680638771872
28.4128147646136 -5.77332376920898
55.1681504783177 35.597665126066
18.8163560376963 -2.59019809109633
120.516672728613 72.3767667613882
87.7469132321739 36.5707406274235
28.9452222946137 -2.36080219408749
2.23301122672961 -9.67176882292654
104.414981780926 40.6965143785245
-1.82186358835873 -8.22874449854257
69.7385592199354 45.9850478261414
101.219387894135 63.0179249119028
9.97255713953517 3.53366618578255
56.6804178051231 17.2130242771368
71.2614153292765 22.580783722476
69.5176418495791 40.8904000825006
41.4091308486082 4.97185649340478
-6.61491592983861 -0.853478401803474
72.593940839385 21.442109577419
51.9718983857936 38.4251956836643
75.8092784747188 38.715391409573
39.3299508716543 5.95698273740674
56.6141489201326 32.0476409887705
20.9152746587602 18.4555097227762
94.4503276253425 49.4190431278641
21.7058763453054 13.4646628122771
25.622144667066 -2.1901902529848
99.064122982835 61.8422806080546
10.4864984955385 7.48741936676872
56.0647735799868 36.9755810550062
102.785073034675 66.550162438271
6.13704683341385 -8.70762142510327
27.9345777435683 -2.53412341383131
114.778461928093 71.669376513198
4.51751696099424 -8.89568805116827
41.8674135982339 7.72084435316218
8.5139456452588 3.11699614343629
7.54600359644751 -8.7714687443819
9.47312687040087 -11.7006186961094
55.9929750817839 16.094268915381
52.8283724424464 33.9088268280268
61.6496348098696 19.8044257013592
53.5114618963221 21.2414131056602
71.7665082858426 27.1281837010149
101.04925324998 66.6296500190785
56.0619234084147 16.5515943218385
31.400462155057 -2.46986446024828
76.2626017479141 42.3946706538972
24.5427287349685 -1.04105671585825
-7.41951446512978 -6.89585196262324
34.909335075514 10.5398808676807
56.4579403587443 26.3035878951198
51.6837417672394 13.2212706482422
98.2411533592005 43.4695696784155
37.3351031370177 5.41435234478081
123.60928379361 75.6634614946215
115.300061808644 70.132791290707
7.41327211547461 2.00479059605606
23.0988559356636 -0.873939048114828
85.8627756887065 35.678323798322
32.1842401575196 22.8559948682902
68.000460806655 41.494153448907
88.3997356592528 53.6840000605772
85.5864822532356 51.1571128906417
50.6207558778598 13.8063550580964
27.606435524673 -4.72312800643715
87.4234847392652 36.0357967646338
52.2973694402936 33.3425024253034
52.3525435602751 36.5334829853402
71.4441049723448 25.7992433737335
39.1076876431555 24.9834388835768
8.71534453584172 5.36052776558206
12.3628543166014 -10.5634393360909
87.0182631810816 39.80084745601
42.6655771131167 24.8587069561724
72.2735814884693 25.5901802666258
99.2107175647444 46.1741293281512
69.4639552582784 29.694089069367
72.158387265023 42.7125123477379
102.041823809655 65.8221601252577
-6.8190960720698 -1.15361587010608
70.4495923637731 43.9055203928934
88.0685333527204 37.4426562132061
55.9209577176823 31.9486531814664
43.0106002193625 4.62176516535948
24.5761541720629 -3.97681682131961
27.4379146732119 -4.16368398381583
102.692585727265 65.0524660532863
71.3578504526822 42.2807934624336
56.9416510585692 39.4290250212489
41.4630013102977 24.4285226833922
7.37603903724504 5.59755188855797
8.86624946043239 -11.4645709631192
86.5118187583417 36.4646573898643
-6.88802874660601 -6.02476865691566
72.0897884540032 28.2703464048081
41.2142727446297 24.3845182243336
9.27443526953213 2.15592267258955
70.2994289912165 44.4087907306693
7.98718787128614 6.67427187808784
28.1112275518876 12.2452553702096
30.0788584554738 -6.84465397469279
57.6623539696256 22.2313843314101
8.18178521858615 -9.63992021004866
34.930395219052 23.5948664985349
100.283256127085 43.4568826717676
9.64502362519652 -14.4398904904985
-6.75269250450931 -7.8737622864297
24.0749439944322 19.0034607550938
71.6075228292486 29.1471266629736
9.39548157869971 4.16245671997852
68.2106239506103 45.1056290919193
43.5069866455979 6.12584404527203
37.0558578896436 7.98065414866531
122.892099844562 76.3266873446724
54.6751794373048 36.5271490743145
39.3780640580008 25.2783445234751
8.72446472564419 9.12623276758619
19.2918452513975 -2.14517759016773
52.7589581893122 36.0969401618221
102.075269975725 63.6076982807217
12.628616206633 -10.905966237095
102.183362556273 40.18195438891
44.0239232750834 26.8912940639698
6.87007065807952 -14.7288456817528
111.966375589329 74.3525018623802
40.7676966371708 5.5867682146232
113.201223532301 72.6934214747623
25.4093882691634 18.2505566460691
85.4236543581809 46.7558343561881
23.5087432618497 16.5199867147495
103.153079095601 66.3317548338426
5.35596633693 3.99778163855258
44.2837244923873 7.49718269537229
101.790387100483 64.8818020762253
9.20529054920496 -12.0763948632398
85.0322681648618 34.9276716726011
89.2478131581731 35.7769897068385
86.4559320804212 52.0442072822359
105.491134804724 63.8303221023345
42.6645264627143 5.21393085494337
22.4386523071462 14.3848031448627
19.1146511986326 3.82178618361977
12.5102922383878 -11.0914616019443
-5.92622415417952 -7.27261392790955
10.0274440519492 4.12986441174929
34.4266368624672 24.0794752802223
4.85116482197814 2.72920896767018
101.584759833505 67.7776250640454
85.0630234302643 54.2098502184087
100.905189998593 64.039670202514
57.327827063747 15.9412460523157
-7.2187303503006 -6.33166333350374
39.7569393306636 25.2820478314392
50.6632662285317 8.7626631156091
69.5080189299815 21.0630823946022
42.4564845150456 6.81801020932021
53.4356466086834 14.9037874355839
7.89556175265563 6.54802174897694
105.813023279541 42.3271854484438
71.2653669282908 30.0001540771963
53.7315189225226 35.2968022694213
37.9384275210132 23.3815943341067
52.7264471538831 37.5532256056051
-6.03161213204158 -2.64230583687075
59.945165211524 18.200388259865
117.715799052012 69.4081173846777
-5.10817762496592 -9.75855013360153
3.71477121198634 -13.0464333897642
6.23624439598182 6.8145126092853
22.8487589119014 11.5512365387599
71.6924819664821 45.2365760843972
111.313814523422 43.7635417190278
70.7550782130632 24.0522800685989
55.4354462934984 16.0951858632794
86.3246372623486 57.1783862971392
69.553425213231 42.3737693468825
42.8816603358446 3.88732813719753
40.8294357900986 26.6757176174493
9.80607664429141 -17.7602037327022
34.7754528767892 23.5217246709731
104.333130912995 61.8368915387607
56.1507983316485 14.0437589567057
20.9345629616312 2.77669952534261
65.95214715688 48.9133509642498
119.694844445248 77.0970007641388
59.9805949185053 35.7871184580665
68.9198207940891 22.4195551271448
39.1935602822383 23.6806107481058
-5.8462948271285 -7.06116551977928
102.342744445126 64.3080187789065
50.1586007534889 40.4284806252908
29.0022009888048 -4.71604920896178
88.280755927951 52.9375869344789
39.7842841205596 24.0527267212773
87.6260956148122 35.0537431736899
116.096426417208 73.4428181695223
88.1647365006245 34.3842608713205
21.5462752322593 17.6081376505788
9.31019502104099 -10.9796843276465
6.60053901876428 6.05421559400167
114.614460902601 73.6956401980498
11.7713359020755 -14.0046158469709
-10.228954825908 -7.94587343083544
57.9924031148985 8.35476134629322
68.1537521249016 43.586501964707
39.6588266431823 25.8732227733657
24.8313063831155 -11.402215660496
40.9997856722704 26.3838081580707
9.94404304598727 -15.1082430107848
58.9194106774116 17.6620338523243
52.2441509578256 20.1291555699615
37.852134788759 24.7672851141908
42.6287314033841 5.56750861291845
38.0302979001656 24.5185871955343
44.9739784274693 5.24255100815961
38.8097365698195 5.36038295304686
16.0865612029139 -0.119238435948753
56.9235588157918 36.7105686825979
42.425738295192 25.1318530214657
86.9763745430199 56.8608531600876
57.7985855523145 13.233222036134
9.63763752106501 -12.0625241214971
87.1581602230873 35.0721664905841
34.6882802956869 9.57553995248006
-7.85344328642538 -3.69132422571337
70.1598684713971 47.3720934647508
85.4917743528416 37.7181323180373
25.1027763966008 -5.68399635247393
10.6030180035791 -12.2194908246767
-7.49525980397431 -5.44759948062312
99.2412772076627 62.2623167110201
42.0743043470576 3.13121040512696
-3.62943120266159 -7.21978240294566
-11.755729469997 -4.19708977181515
86.9615613962172 55.5977081512233
7.22953533876395 4.36673419432377
25.4648095423984 13.8974285740848
18.6971176662944 0.947569131247424
87.0749071263714 45.1449539012324
88.9244228729438 33.1632641176778
56.8418073585805 36.1602526533211
42.0580942002041 5.95568483515685
71.1901935066743 31.8436621244484
23.4698346958302 16.219399390209
85.7347422338665 57.1625812999772
85.6466483643078 52.0457033682806
8.98788451871688 6.33533586281159
4.26497621298554 -15.9857719117192
55.1177397523318 14.3438343163989
101.495460637568 62.4378657002367
59.3655986624481 33.99168983555
102.957293308275 65.2886870510128
43.3693715090216 6.35399834493351
18.3779950287035 11.5159237650739
28.342499197126 -5.62870906208172
61.7667155115344 15.3870144033421
36.9369967929053 25.4793389184296
25.306398567145 11.9865916996869
81.1797115070451 48.8241892582212
7.65594785944092 -14.3488027576876
59.1827236840355 17.7224861403964
104.027322228928 65.6944505252967
69.7746990909213 28.2424876698842
84.7439743879996 51.5677718987963
69.6963133398593 24.5916420681653
46.0997638428519 2.19636637090405
123.847496502375 77.125440073812
99.2900003848357 64.2774924934862
68.8399336317997 25.0857523078042
-4.27071059523743 -2.5638855079739
24.5818428709511 16.7568154120659
3.10882485924877 5.62201786478861
23.8612725032557 14.9246760754152
-7.11797777589355 -5.99284607287645
20.1768663214115 6.23940385814545
18.634394702392 8.28087949962104
115.992995340657 70.7107662571762
21.6030293436127 -7.96086405093498
77.5552605000732 45.3279993443683
112.418268250909 74.6701260713339
118.453456699891 73.7026498104479
101.90833852727 62.4833658232829
-4.3970120380849 -4.97691676134249
6.02584240826848 -12.6184422020167
67.7043937907649 22.0784092191692
40.0782166654091 25.9949729397082
56.0934724301711 17.364779652908
10.2203659298766 2.59160442652107
116.133324910659 69.455793596113
99.459871025315 64.3545442878786
103.423975262163 63.0462577898598
88.7900618792484 36.5730421588995
97.1162312039449 41.4737282616218
6.51310750016004 1.88081136039839
57.1210801604553 37.6107994223531
56.396593128941 17.2510395907359
87.5462708967518 55.2931631731514
30.9905680731205 -6.53620015657288
109.68802463468 50.0498524636789
12.6343426678116 -12.4041751051935
21.781987755816 12.7993819571432
102.80667845187 66.0692631718497
6.62620915373777 -11.6749070392077
9.89613577506445 2.87768726094377
8.88345029836291 -11.6872961027097
7.45770990301896 5.05665291352123
-5.65164753319127 -3.09135574911897
10.0770984754806 -8.55278261057813
38.5499214558899 21.6696222996344
87.0485745876476 36.9719632336481
37.5294881998359 27.7173917952074
102.234887185118 63.9795076966598
70.5727213815772 42.5424272276866
38.9237694352299 22.8352329878007
23.9428988364718 -3.16198209122226
114.841433226134 76.3705134982657
38.4758682773442 24.2862331718453
102.413821962014 52.2569216703796
70.3830825236023 47.7931313100703
72.470957918852 23.7784376715402
-10.9381136957418 -6.85449805928427
50.8755036574079 14.9301783606608
22.2196422566465 4.51427607329754
6.62213726200933 -9.11694036536434
36.8749414572834 6.28984389489718
-4.2661576076917 -2.96051927438514
53.5139015741868 32.4640699114741
41.0539846965915 2.71114405127029
85.2066330408447 54.0440770034273
53.6959055171022 16.2720072184117
24.8786884562131 -6.40006123947382
54.415633017701 18.3466188745199
116.844446604871 79.8328902002271
100.231531566862 63.5717151084983
84.6159509146023 55.8064140590181
119.151221713337 71.5437883660458
56.2648172245784 34.3245576763542
36.0146784209329 25.1708939039667
23.8320944541599 -10.7107842798188
85.5722880676442 33.6330516103122
11.5419879543044 6.81445882910271
120.116631055939 79.0772874517746
8.53690241253474 -16.874415850089
19.7062685685252 -6.21528197830138
53.8168394069875 18.6893889275094
35.8254667438987 5.31655544575185
106.310225518819 39.7299493259061
86.3706051011599 52.1702811246528
114.075945784668 79.5009123197505
19.0852878324153 16.1823493945696
-14.7788688050363 -5.64613533329013
22.680338125721 -6.58758030345801
41.5389104239667 6.84876144890615
24.0580498780965 -4.51685020491718
84.0626780892816 38.0412689234383
98.9443674764922 40.6261039931653
121.175381393796 71.2722305828713
66.2936679077611 48.6661381408779
70.1917676346051 47.2940329484669
114.656696697834 76.1353175422689
115.10115293491 77.7356748679793
101.003706375542 62.0228541388518
51.642056776522 36.749336756747
99.1187015887963 63.614140688462
56.2022621495606 14.3257527211627
20.5223236367613 -3.22654139442918
87.410184684978 54.3112973827368
99.0241430041404 65.5466461968442
23.8290647828352 -5.71847361747803
38.9991182625306 8.06875870651507
-5.83529542315956 -2.09888327848379
20.2904806463997 13.2445362418025
70.7844647802908 26.6386415705631
69.2929313142364 46.2864134898504
42.5517549712896 24.4646838372514
6.60792342402799 5.04371717846864
45.0775079241384 24.2297068241016
51.8773295527649 13.8539829128202
24.7192110739679 -3.60401912433071
29.6351324055124 11.1704114083247
50.5992614255133 35.2785346009939
23.2229783701694 3.39751071391784
89.0620944587169 35.4611734374527
72.6303939601815 41.9329219519659
57.3290908065074 19.2516527924343
89.0053591315949 39.216447910226
107.361670915095 44.8766918321695
11.6893183230198 -12.4035710826305
73.6739786919828 27.0080706413934
40.2412371405392 6.95239713651971
60.3172395345313 33.9062743942667
23.5136357150999 15.7568868938387
20.7356969595579 14.6725883905688
71.2268140192645 23.4938289141944
7.39494648704444 -10.8631393047503
17.2689455336391 -2.24583119632645
40.7450760514208 26.5278415695845
99.3323140773267 64.712452227381
37.7667985583391 22.9179363361697
8.48669814648614 -17.4394770639495
85.2760545619065 35.257327203786
-8.70073055371071 0.014194703393982
103.200489560485 63.8024435763365
103.910693149804 40.7120345845222
108.704814969975 51.4460639609877
103.528136237406 37.1009500136848
70.5594743836455 25.2227029665438
70.8585741534419 23.1773064277853
52.7226247750877 37.5047817835786
19.0282185236121 -3.51850535012639
104.893427860514 44.5475748658282
89.8586917462411 36.9899444932619
22.6073578605703 11.3821315510153
29.590172069266 -4.79098196136273
70.7251926415546 28.5958623587356
-5.79955231651859 -4.01197456780745
58.3260271738225 16.2303539807784
19.0071442222123 10.0024050308369
37.9289581865861 8.10604434275785
39.3222428777698 5.32205433048741
44.4908189082937 24.9283701673871
103.676562213208 47.2830911711744
55.1249709346341 34.7017151689093
52.5545693302504 35.0114484813378
23.6769268000383 17.2076751965123
87.565828380512 58.1434098339449
10.6118967107207 -12.0450883500352
36.0386949295435 5.06610153292924
-10.860174150843 -4.84416509725422
26.2326892261411 -6.10929448697008
24.616045304616 -2.90912378170744
49.7903017677568 4.92365488059085
68.217778706373 43.1994091104696
41.9567531746897 5.073726196838
86.5384296514648 56.3125968356237
39.1284808438235 6.36444080320226
25.2560464843963 17.1323352763917
19.1541897718791 14.2770055402782
114.446238432599 79.4723838520092
86.334586090315 35.266451577289
71.7281106448718 26.7130026026726
23.8929599110526 12.1193385056716
60.2645253365502 18.2904546209972
82.8600230614765 55.8164420763619
26.344337189045 -0.277965611954965
29.880241205923 17.2605506524213
57.0309895806934 19.5928571266111
-9.33504349217857 -4.48273906352849
-5.32948650246086 -7.35494619631187
9.25787393762338 -12.8994025682267
69.6368619921293 24.6609162967304
101.928375856808 62.8643084182491
85.431119189051 51.9667326319641
-10.8728115329804 -11.9062725404853
7.06365890097805 -13.7962828936672
71.0851013619341 26.4247436927846
21.816668388483 -2.36802090003067
9.14175811520566 2.43122892268052
97.0969152987144 48.1888398675026
70.8700151899107 45.8446577448814
48.0758076560258 17.2562830806846
39.8663942799085 27.2503410064852
39.6635378188471 25.1113695901736
113.409098194127 78.9531768216249
-10.1319662249284 -6.67170691929994
24.3654905282681 15.2748157547939
115.565929684223 73.2156460116521
104.852170567077 47.2013502505806
85.7056254569566 51.06748859254
24.416590380547 16.2299508630773
57.8802658762995 33.5377397365772
100.650566995073 62.1886372187663
21.4621838244351 12.7547483854788
90.6057968556132 56.6552387086422
7.05258177082142 -9.19681468679332
22.2933915991775 10.4347660274994
21.8896011454621 15.3103441027977
52.5604532283867 16.635486740461
117.917175269356 76.0360333633506
9.06619433155564 2.9614705415847
68.0125343871012 45.6815145414412
57.3282030086623 16.2668010416897
28.7537926087199 -3.62230539755014
73.5546689127419 44.4921090453022
70.0805728054321 26.1830572878705
9.57089067068657 3.64412679190803
63.4938371719916 43.186578222653
40.3374593008533 23.9374375956267
8.91110454721937 -13.8173739212321
44.170727471376 24.762758674733
38.753866478897 4.18628988774578
58.2504602234669 16.2486816385798
9.74470941796429 -12.025065454638
10.2774709540807 -13.9108138027554
21.3617963933192 11.3523272775673
100.683178812014 49.4761152864857
56.9669842712698 34.6899978458323
53.3124844709795 34.0511692743616
32.9646901050377 21.4703488946014
21.0597509889716 -2.51993158480886
38.8319914734312 8.02848083682154
23.0002112432297 -5.80933703430146
55.2906654995722 13.7250420971818
36.3935229545378 26.0234847578661
56.4940309627514 31.4606029021451
70.3644969525095 30.3108102141048
7.8935252285156 -15.2247807714408
119.729483145146 75.4904900029654
-9.25837588768185 -7.93790155169527
48.4875810181122 32.4394076109834
105.297775752961 43.4356493826169
-7.75916693349556 -2.27265558777853
22.9497699312741 14.2471622707896
14.4100365190488 -16.4101546907665
99.0391611271376 62.6354165882846
24.568674853574 -6.70162340871787
85.0062701878508 37.82998077927
87.8355368886922 36.7355059537565
25.5721202704084 12.7025872778167
-9.14877191366675 -4.84544930378616
-9.06423782592395 -2.53247415188819
23.8472170889599 16.303231719612
5.90334751975085 5.82437800810878
99.0495107451479 61.4991454962126
121.745765751772 69.2502840919186
42.5834111957721 5.6971149510798
103.202446505589 37.0808765085837
24.1488536749062 -2.73086209562974
85.3335959615246 53.0593847817846
-6.10327601730396 -1.40584698496654
39.5459347693105 26.4878350223722
36.9036508380745 4.56201658850453
89.4409205725959 35.6759247389748
23.4144800858885 13.8627723248485
69.0607064687286 49.2893116640399
37.9437592076764 7.50053032703654
39.1824105817146 22.0841268696603
-4.87945136678992 -8.22954820943259
70.3321458849963 28.2684096111336
116.065468458906 72.7229585926832
98.4910222560052 63.4389753693382
113.468994197055 69.5011707306189
8.16402147844584 7.49650321809644
5.78207736816439 7.41783410904748
102.140225926001 62.4701792168617
7.37449342149226 3.47105141051776
7.35810081633149 1.34865171195875
59.4320230742 18.8538566043688
35.8399361454105 24.2537406913164
84.0166883493887 57.3217616909044
71.177668658097 24.8554382543743
23.8122753142005 12.8465867854701
51.3002756398955 36.1442709338557
86.1329519722743 57.5914970143083
22.6335818302426 -4.53198522327364
85.3028382343806 33.7301423938278
45.7112866352512 6.33709027054451
37.0838925162535 23.6746540969886
46.6784697713617 25.1265695998738
23.7087326988507 20.1934552486959
121.089898209583 71.4213323447569
86.7712673314426 35.4786690199986
19.0517349025385 13.1473888432157
4.7053793599109 2.38467754588814
-4.73748546945523 -6.79967520752697
-8.43706545079417 -2.84853186995774
105.593179837718 64.454398766518
40.1008684593194 22.9890140856794
37.561646385401 5.30356569732702
84.3815518955813 36.9908288026002
25.7120181121737 -8.43095424150858
61.4874005183551 12.5884557633786
113.473884908478 74.8574073801887
62.5482657218718 30.9435193219026
71.2616397247404 26.3488950761146
85.5817207594341 36.4368826676131
100.354028010189 38.3156056211794
71.0302280399084 20.6728866219191
102.13188901377 65.8762671457193
43.946099418721 3.85539043354082
70.6526764884446 26.5987860084331
68.7450339061993 22.8302034033556
85.5100303313352 35.033405318506
52.5638389620032 38.3852749820023
-8.73326811237239 -7.46000562959605
40.4953725318431 7.01830540015967
5.42772592046367 7.22727381693108
70.8133797710842 27.6851689105677
88.2195604618164 54.0364150532066
25.451337569106 -4.58969304971132
26.5019704360874 -11.0672929542375
57.4583041012836 20.101479310538
121.349574315831 74.1609164568515
104.233945125103 46.1788761858436
22.795287267365 16.6489646202743
105.685624884263 62.5259979399077
54.736686619038 15.0626275754342
7.85877986603924 -11.5962879921072
37.09838321491 7.52307820525608
34.3362761332361 21.8207896141837
70.2134431848378 27.6491359823841
56.6451505820695 14.6480940976773
54.1757271562749 35.0378741963349
42.3901144445375 24.7564665301779
39.3121781959693 24.5651283970291
53.9024836343038 15.2229732253469
86.1639954885882 38.1264972996627
24.8649959020577 15.3827863104986
57.3881845505949 3.93666902924324
85.0139478635326 54.6355532481457
101.162819452718 38.6867615447032
117.840694253279 73.8120594859288
24.9401702182808 -1.4232183135438
71.6426147184166 41.289914514814
98.7614955701248 64.1244786614844
68.0137675686738 41.3421888166859
116.576802319034 74.8200550712318
45.5748076428256 5.44925922104064
120.802942895229 76.8172295830847
44.8966801296524 3.02334928134036
89.3916576019211 54.2351247072572
70.6033068211785 42.5593202276765
8.07343692384882 2.38590870101689
26.6381867098982 16.5100966191031
59.3939387081801 41.2264875265049
41.8520761732001 8.08830334675715
22.8826667698097 -5.26061825375468
50.2400849553669 14.3341931631466
116.531077278773 66.4185299877524
71.3091529155201 22.4966154623026
111.728758930838 76.2018515500999
71.055165644126 46.1641659379226
119.214591949862 72.5012623466716
51.6381907302659 33.9162227303627
43.7934758147899 5.54159167044405
87.0982357357464 51.1842791470236
36.5520250254072 23.9249709125255
88.0211202231767 36.2005630841092
84.9210403778449 57.0835512073978
37.0196776655645 4.77759048040506
84.8753046866913 56.2486858615621
41.4182655623818 5.66348975338727
19.5077095403102 -1.41457195488143
37.6991382603515 23.7948122149566
55.9594591656659 15.6430228882153
88.1612977316464 58.2450624789446
4.75008050180063 3.59089106233303
38.3910513644634 9.705102527629
4.32337895074626 -16.1015943605748
20.8013450079763 14.2183343742601
21.8819157769843 -5.81293336495172
103.27088131098 64.4176538885817
35.6796923270537 24.0129778747922
58.3847532724533 16.849598469232
42.0033212085157 3.11123395669645
97.8792632742122 43.690141894859
39.3340252064585 24.2447741442049
71.3060730088072 43.5074228707524
-9.14316054242158 -7.32568905709128
38.7451419825019 5.14915702965801
34.2473403743807 10.080258791956
23.0019215791753 -0.778054263450458
8.3997890025718 -9.46993771153446
25.2725807177158 14.6514925006515
-9.65877350306055 -9.33149511799103
26.0559778856523 17.3699791818037
72.8363271881012 29.2526357780692
21.8494583349145 12.3929841760207
58.010257647024 35.4967767428148
86.1684605577983 33.0452263003796
53.7098966857399 18.9724001714009
103.728260477442 64.7362078955939
40.8608914278391 7.0758660767418
105.343930661889 46.341439771014
20.9491923213365 -5.46929419100899
35.1403932051802 22.338875177453
20.7038638511681 -1.99015206010079
36.752408521221 8.31813917846602
38.8545607207793 21.7202534340749
55.8703610302009 17.373640507068
25.839405793116 18.31494314513
25.6365214347133 15.609346446903
88.1277118714676 57.4357741638137
71.051929010568 25.4207089550669
101.137837724378 63.5332420709002
73.8124516698138 46.4094430341545
84.9980980946033 56.1758553714024
118.677764718024 70.2982240782946
22.038098931264 16.1423045592942
9.76966928183474 -7.58611969540914
6.18154554737002 0.896477294514327
21.1062568440235 -4.43629578226574
116.773522701888 72.671177213839
9.4338437638169 -11.9502307673112
82.338992979981 32.3724978697999
87.9159651507397 34.9812182723389
43.242673914366 3.22010363981137
40.7897336347611 2.13399172724064
5.91106773409446 -16.784036859813
54.5363891432776 36.9411969200883
-6.53144723784156 -4.79493491434448
52.8557569614187 13.5935453266662
106.052493821945 64.4813849580227
115.748523623285 78.4895974291432
39.7928656809105 24.8147875238877
84.1083744039206 53.5524903259859
25.0815134958412 -3.29466323262448
54.9036501091913 34.543209331973
10.4805301717084 -13.3812949293979
40.7232583753941 4.03021299048184
21.9322811785691 15.24672798546
120.789860124435 75.5411293400678
94.8805161198848 48.5697878698735
52.108200620858 31.8990245317089
7.04591758209399 3.43035049426505
9.48158584032201 4.79988329446217
24.1348317708096 -6.23749617693279
82.8488367503337 37.1296315749969
86.8167926067636 56.5295774696694
25.1949180235829 -5.28576940438653
6.23176249007293 -11.5809551079351
97.8874157621975 48.9053204111665
52.8035125317044 11.8954718026525
6.4743706732052 -15.3026019809976
39.4607796361349 23.5838083844677
117.038485762959 70.9285971375977
-5.57356545821021 -10.1696313595356
76.3383084404831 45.8335975756915
26.1218435902632 13.1525296835366
101.967246062914 62.2671087651659
102.635136495634 64.1580374955993
99.996043082055 48.1481906750237
121.331773778192 75.6023773376502
85.4967362222099 57.1349228482866
97.6455155794716 63.2765548620379
86.8673621507623 49.5049975134557
100.436149205295 62.6277265836972
-7.07611534389188 -3.92797350588423
34.5865277944302 9.75783631669403
56.4608887375232 35.1825962235335
101.119589762285 64.1343007820897
23.9263729942824 -6.98154499115567
64.0239566995361 46.9312220273845
6.3011400584353 -10.0909148466144
50.6665933528065 14.573688835584
71.4232375190047 19.9442263927422
52.310447759459 10.2669588323326
55.8582787516721 19.5434436783086
39.1512599418973 25.2349129219278
85.8566581534172 36.4621807147554
26.5786782813204 -2.64132384107318
53.6046419968342 35.3503870187819
18.3637222242122 14.4410899281125
71.4856327862631 26.5325570979003
43.4480860451328 5.39074734529331
25.1848774697855 -2.58619672342299
28.7267277956393 -6.00162621710771
20.5038236401191 1.30741163844164
25.6080067802971 -4.38861967081464
-6.6390077124897 -6.4316404781437
24.3675770580365 -3.86993912226337
8.84351391055071 -11.6651773028069
88.9638703023657 56.3984803351428
68.7318381325474 52.1976739669417
100.448663822495 66.1865444731144
7.01442203006811 -11.732324393228
54.9951488214949 34.7373597007132
41.9269974135109 25.6037793845728
72.918175978764 27.7454095081154
38.4144899895359 22.2408381015156
85.3619086650634 53.7206077804458
74.3880257636722 44.6621934552209
11.7500517513611 -0.323128330492544
102.850518470551 65.509123512483
40.3008984113851 24.0534728423812
26.7860509263521 -1.65071387715583
57.5323855112295 17.6814631782054
2.88075266804867 0.282134145570478
40.4152678514686 25.8997212980148
21.4248799487458 -3.8810343455833
49.9937127893449 21.0894911823806
25.1807809723091 13.9923491478072
6.08663026365546 2.60164876046504
85.8860556843078 51.0619218905503
39.7357549682667 7.67578408729887
69.6438130007362 46.8349532071775
102.407295525485 48.5733050136306
40.136103737779 4.0070773505321
20.7693081386082 -1.39561633977304
100.996149590548 65.5533392181342
87.4940390271763 34.8735488762714
86.3405365783051 54.7155875250903
45.2914840898112 6.76057458836617
102.497358031435 39.3645384535878
86.1641684517245 56.0620179030633
24.8671185775844 -5.47287725653224
4.32207964815904 1.68580945289883
22.8446585173504 -2.7668375873244
36.8546802607167 4.15729307401318
85.2143295553991 53.6260441375251
88.3997230443912 54.7759968467796
100.172872043486 62.8719197833147
84.5629783211261 37.8854617016492
105.385224237491 64.5964163770116
34.7533649089151 24.6675580626719
34.6302532921725 5.69974717838691
72.0665890150314 28.205488312807
114.547123209319 69.724428424627
52.054776355504 32.8839259169191
40.8304223964061 23.9870343970159
52.3399297950159 32.4150413020715
69.2752543255107 24.666802023274
55.8904804472581 29.7809645506952
13.6776564186029 -22.4502738849535
-8.03831263048451 -3.65508729732685
107.075170107136 41.4424861075279
101.071100274306 41.7857367544146
57.1889210351271 17.2801230046883
88.0039937750994 35.9520811787657
97.8021370423672 63.2197457068012
7.26073974420115 -0.307925753459665
67.8670125188532 42.2199385806443
9.94130714602604 4.59753557037015
35.1525210177906 6.02959349184823
22.8531392666425 9.79070165780469
37.3347938123646 20.1385497250707
72.8046895839943 22.2442389939451
88.5100038216442 36.6774988490582
