x1 x2
32.7035626759066 -0.656301405577601
32.5472107676252 0.944129847420457
-29.7322708445861 1.44913360477056
32.6190352838636 -1.53353008113053
31.1246141669285 -1.44878389089491
-28.3735588632176 -0.889161420143697
30.645876803664 0.876488081867831
-28.6477826269927 2.25750343349328
-32.3515834472291 -3.15280736334825
-29.7243931052676 -4.05635418389743
-36.1058263604201 -5.64690408903636
-28.5629262748264 1.55123451834494
32.4249807480381 0.705680934010474
-30.2429480590656 0.95947403336258
24.6242968085615 4.8282852668738
-28.7923904365215 -2.12304841531469
-30.1253184318361 -3.61778536688888
-27.3235372580955 0.0861595112095701
-31.1701416958389 -1.03295752903445
-28.8459786788195 -2.74483374807957
32.6909267121823 -0.220488137571066
-30.3900240831366 -3.57286863686276
-27.9245043022948 -0.368372589762993
29.9343648533264 2.91966572761362
-26.8377905982023 2.80776129220538
-32.8909075893002 -5.90422427768582
34.1069614759862 0.2207870206328
-32.7965684450183 -3.49404706286831
-29.5174815665647 0.109251191224463
30.3357642645472 0.243513530483611
25.5943735521836 5.55726471564521
-28.8994425428854 -3.29025189209858
30.7455795213031 2.68555333569937
-36.9360708293394 -6.33623173148978
-33.9936235412456 -6.77571262397662
-31.9963424380439 -4.92065422807581
-28.999587081512 -1.25094025019186
-30.5217263854322 -5.51780629680049
-28.3762424291055 -1.42538388363906
-27.8115518801654 1.63956381845046
29.2235924203989 1.85105762916992
28.3624772771044 6.05918712086586
-32.6017126052303 -3.3241803194323
32.8907589542689 3.37630982432005
33.464138761533 -0.251227956713513
-29.0227904766476 3.13390023108003
-31.1344904014057 -4.09216963350031
26.7941619725304 7.62734483794291
-34.6679093822477 -4.53344625947867
-29.1647341257846 -0.131290250938239
-30.0723975100399 1.35503054488245
27.9511893322213 3.710154069815
-26.3595979517863 0.712681539982357
-27.3465031813625 -1.64781676148003
30.0755296595703 0.342254329197563
29.9158846386688 2.35932779288278
30.7951490116236 1.60457641626792
32.7982600994707 -2.34276059361385
-29.2031303818779 -4.79859844298563
-34.149045978909 -3.6666367990025
32.5420362991741 -2.56426935663881
-27.7866131088296 -0.81541479609238
-30.3952162229294 -0.564926427255937
-33.477501890787 -3.58036749835785
-27.376839590431 -2.85274518948027
30.4733967606358 3.01459007206645
28.8680478945406 2.46019488120729
31.2268062380389 3.55037631245978
-32.3785219947561 -2.86351025745648
-28.8446712853995 -2.2020867904742
-31.0988339611384 -5.56458460980297
26.9167234717984 5.06531504398365
28.0310171729575 3.79419069426439
-31.3704420275029 -0.18637654570156
33.2223582293444 0.651749705696336
27.0359416019101 3.41639349295057
30.1874382877572 5.64751633341189
-32.533009837891 -7.10277571122656
-28.3731435432985 -1.67942360046597
28.9908425280344 3.56743284986751
-31.8463670170402 -1.75608353488594
-29.0035178662764 -1.55871655678573
31.5382381065263 -0.827066912336099
32.94321683859 -1.99654008192716
-32.7365584844937 -4.73777980988798
29.6638052010151 3.29148208357749
-30.0381113182556 -0.851194366233743
-30.5501766293962 2.28610359178738
-30.1843387540768 -2.65060107601212
26.5135584800656 5.85410676179698
30.3946544798972 2.82582179798428
-23.9303801823266 7.53989112277499
-28.1823505877027 1.73721241914691
-33.5782276044905 -2.67648337204479
-29.5311138382331 -1.82456748504995
-30.3279204690946 -5.92129831227995
31.1441660797001 -0.644421732859341
30.3778062073246 3.2572243475061
-27.6795096407212 -2.3933462537998
31.9220395815799 1.26728679001486
-33.3025164256021 -4.29040912043883
-29.4813242139663 -2.5764389770148
-29.7878222785555 -5.56729141132964
32.7894943444264 -1.91734970259446
-31.8765618754528 -3.0032337236227
27.7865477651462 4.67389231066108
34.3769728080271 -2.69571188347682
-32.9181658435815 -0.944544067987051
32.1273877165992 -1.96641523055546
31.0025916393359 4.96270705646544
-27.1898648836344 1.67310763798454
30.641857215113 0.716448423428935
-27.0871315632819 -3.27542580180301
-30.9904173111196 -2.83697775056071
-28.8687884464866 -0.344435318023607
-29.4476628945624 -2.12977713328855
-32.4408121741274 -3.00249648211628
-30.396000178469 -0.77900980121773
31.380431750636 -0.947111724963107
-31.302680173691 -2.97821251091631
-33.6193316546822 -1.30647108079663
-31.6996150349016 -0.0134019131437721
33.8076312622267 -0.549196797911128
-30.6139579316868 -1.4611535166247
-28.7768744426616 -3.46972086789445
-32.4431213701193 -6.0833447223121
-27.2679227815407 -6.87270553750716
30.2507725959267 1.17604752119609
-32.4021194417033 -1.0593070969077
30.9833956307829 1.62497845221455
29.8441117236528 0.582845164651703
31.7269501823405 1.70055895685239
30.691706815902 2.8998331917856
-27.4365963556304 0.0932679077734941
-28.0367998699238 -2.01210076790328
27.6079410100839 3.94065002434366
25.8154680036226 7.41717175034495
32.5903342886214 1.88157088316755
31.6257860876853 0.63167909023681
33.7356432629758 0.286146288844357
28.2063779014874 4.74501816138307
-32.133997720769 -0.857009957720047
30.4997004070027 -0.672365589417648
-30.2827992896078 -1.71173555461606
-33.5073747776117 -4.39526238147082
-29.7862561944896 -3.83860862128688
-33.1174716763609 -5.25419548725994
-27.6876969483829 1.62862439496896
-31.4180496400791 -3.03636184259959
-37.1359857042 -5.36521958795677
29.9336959421585 4.19380718074421
-30.0618709577562 -4.82679133170744
-29.470270504503 0.122900146270708
-27.6760690579319 -0.499574210776405
-30.6897724776692 1.10733546877592
-29.7062443931153 -1.45695323298661
29.896327979129 3.27029270221196
-30.5997991659355 -1.35118991862722
29.8574214209845 3.15153531407634
28.105363341896 3.32106463720425
23.5759844667299 8.39551250462007
-29.3812287550926 -2.06410652580515
28.2465506359688 3.60613900836413
30.2642184402289 2.27593484223061
-29.871902215968 0.328005173673398
32.1472012861254 0.57741384087871
-34.8152072610573 -2.24669382679132
-32.0195058720271 -9.01230255454694
-33.8625314416453 -0.314857759525739
-29.8498941163648 -2.54933062772151
26.6818704970237 5.2431732712059
-26.6575932927824 -2.97581553215709
28.8595571443936 4.49224324794545
29.0956069567955 5.4196515161425
-27.5474511561674 -2.56922679635869
-29.7244413416444 -2.96053519730798
-31.2917738115587 -3.63982805768599
-26.8044258174022 -2.45079067253817
-26.8812787987175 -0.358128138509802
29.4480861466716 4.70545846337356
33.3742996541402 -0.275184867496531
-32.0191925082989 -2.55782998078319
30.7048958029969 2.17200278744388
32.1322489126835 1.00632438466483
-30.1585745339286 -2.31687612013904
28.8184492550007 2.64561157228673
-25.9676583961672 4.48791093755132
30.4858368883144 -0.358895330990519
-31.3193653816641 -2.99339008003269
-28.7445378064672 -2.58528525684077
-28.9725591632568 -1.53796496027006
31.3422828477188 2.00901449879299
-31.2345429427165 -6.15323179180013
-29.3529927532146 -4.48558696697537
-30.1696402755535 -3.04570059419576
-26.6766477253468 0.841130062468464
28.0345306761922 4.93412687277112
30.6074509622268 2.169289141464
24.0784947666728 8.96199901419048
-31.0112239682875 -3.01277242924791
-26.4115814331591 -0.874859102293218
-28.9813601595267 -0.133712216091529
-31.0021106613253 -4.37958832550589
-35.3785950466929 -2.69137642039608
33.417688824544 -0.971036107585941
26.3641117214185 2.48427175109197
-32.5957646872573 -1.28658498992432
29.4030860045567 0.610209359163666
-28.7378994859766 -1.78225848253488
-30.975974618527 -1.96499944603909
28.6725143632511 4.48427733718496
-30.5675265658378 -0.577411508007491
28.4273729947731 3.7761626184177
-33.9450723457419 -0.514729753597032
-31.2419038273276 -2.34093585273081
-33.7594434335696 -2.25098040208424
32.6660793268185 -0.0927967930623805
33.1084962604528 -0.881338180893982
30.6618373916709 1.27755985271918
-30.2065982166802 -0.616284182136836
-30.953488526187 -3.19935086676253
30.0486399603935 0.921556052486989
-31.4198604202115 -4.93870504152707
35.2224180559512 -1.46043703113409
-32.315436769659 -3.92740456577818
30.5562984315976 1.84092349147555
30.1851126381966 3.98920363573622
30.3935098091869 3.24146399391044
-27.9676289968923 -4.57182924267581
-30.2281895049308 -4.4324663507681
30.8074511685678 2.67914883210161
-28.1614357741777 -1.14246813642616
-31.344493808468 -3.94222610362955
28.4598332452889 3.38130010191236
-31.331360498442 -4.97472282809226
30.338377741607 2.74429877164686
-27.658914152208 -3.38774120923311
-27.7652798927091 -4.79626850092924
28.2122549931892 5.79681644463315
-31.6393700598701 -1.29091329937084
-32.0450677716901 -1.99400081771487
31.3185611897027 -0.0947258027691666
-31.040384073994 -3.51916948103192
28.7050229436107 6.56152405554422
33.2449853615762 -0.414531144806752
-33.6824794562452 -3.53092170677094
-27.9856236798643 -1.22826736745679
-31.0655886200718 -5.04443662002161
-30.4270173059162 -6.27185446149881
29.1077330728537 2.66509246971933
-27.4447777486349 -2.76883796875848
-25.2261660268348 1.51504860291974
28.5037407794404 4.10161641581406
30.3981621695148 0.707253994035791
30.3568978808989 -0.0389540598029563
31.0051538568404 1.6047387056404
-31.2012687508449 -3.88644745510969
-33.1622120059379 -3.74435075036636
33.8001716522523 0.323177285647892
30.6101570788962 -0.711555891835805
-30.9215732156945 -1.35975003739604
-32.5502630430938 -1.93841037162327
32.4713177958215 0.636156036092062
-31.1237343111239 -4.34418275996481
-31.8646027968989 -3.37147155558914
29.2498494204306 2.51886782191398
-29.5972261434216 -6.62850870006026
30.8198838397752 3.99226559797218
-30.9645836966577 -0.952790634551893
-32.1983275051679 -3.2646367103565
-26.5054540093466 -5.34031406878175
-28.9918323853118 -3.55791798973491
31.4066366009591 -1.84128165459521
-30.2479417380338 0.357860689784081
33.316381480869 -0.960775508524611
32.9015724246387 -2.70640929905538
-33.6018769454162 -5.14852018395068
-34.6441502422739 -7.5581864580782
32.8626449769084 0.798985775641516
29.3343493494489 4.65466586594467
-33.1201463525894 -5.36426200478728
-31.0334787941259 -1.19827487920509
-27.5868362131716 3.1707731001943
30.0411899931194 4.00100267921318
-26.5297266761857 -1.55916057495106
-28.8986744631821 -3.82693514313998
33.4644118820861 -4.18968672517423
-28.090928787653 0.00114282051821846
32.4527497877867 -0.0961514598475404
30.8043327400762 5.0742891678114
-31.7145771729924 -3.90508378719066
31.1341251782972 3.30193098307904
-26.9807325918762 0.132384252038326
-31.2181342481172 0.335168959867193
-28.0195002712784 -3.7542062407782
-30.9987352035154 -3.248485261526
-31.8920222841335 -2.1934330466612
-31.6100797837301 -6.7947047050303
28.7697838882226 2.37572896700709
-30.680008089427 -2.02630263449121
31.027244927056 1.61725069198151
29.4620918913 1.90422891252384
29.7999727303541 4.98474628395296
27.1971763505812 3.92993581022576
-30.3135428318028 -4.11370881159406
30.8083493112521 1.98502353138405
28.5320045783166 5.53191182487379
-31.0584720057988 -0.673338265760944
31.7145484768203 2.68301095406098
-31.9954174445365 -3.08234509553617
-28.5990939119403 1.72847212033078
32.3256151967141 0.454440796377705
-30.073821183553 -2.34976673714757
-28.0129382638844 3.87336133291653
-31.440238317505 -3.455678878328
-30.7986127810238 0.027435813564527
27.7535903956157 3.18200749065621
-34.1867398563514 -2.34134338516677
30.1162764014273 2.96895374973482
-29.6362073853546 1.25006054605025
29.0934703500882 2.7877946227498
28.156533731608 4.30186028320413
-29.779862533075 -3.85540313959338
-28.6431224241208 -0.852062978800786
30.8441198171318 4.1077805950213
-25.8069016148057 3.48631796554637
28.0260271666538 1.56134235967387
-25.8191688905862 0.242731748719084
-27.5486605862048 -1.40292071876217
28.275321980124 2.12249528977498
28.1949149964235 7.37388655208912
28.1238439215688 4.12974828713773
31.9670049943674 0.0575520637965314
-28.8233458615152 -0.905315192238159
32.4520387313513 2.40589886216281
33.2527253916153 -4.94163670389178
-28.001581355628 -1.59822119229411
-29.2984502955168 -1.18691224809615
-33.2324387454443 -8.60858061137739
28.4598458038511 4.28288726087094
32.0651252108102 1.92402331279154
-29.1280046013445 0.918322078739028
-33.3969819155896 -1.26176017012565
33.1282496609362 -0.612971376145024
-32.0952443246856 0.0435721964453886
31.3374160955195 2.49857268207473
28.6717152795148 5.31596103316107
-29.10009667679 -1.37850212574734
34.3192352122887 -0.38048528626837
-31.1035772336344 -1.76136776916133
-29.9302923828313 -3.03630964063023
-31.6824624300411 -2.67781452879644
-29.2367894026612 -0.611098030902902
29.7870341831038 1.98978227454257
-31.4486301718226 -1.59975589804606
28.071457406355 3.9533092115767
33.7756415311949 1.44626414264525
-33.2191032548873 -3.39390704388537
28.6596578405876 1.52073387680996
30.5863153236453 4.64286592937976
29.6804340920854 2.37131356766148
31.6269866864647 0.0508402202619798
30.4055959486485 1.80703305789829
30.1140862840721 0.543035260415706
-27.6992067237627 -4.2628496781983
31.0712629143981 1.89409313760483
28.8650100740679 5.23709994627824
-29.5005266262387 -2.93647345198579
31.3478187667203 -0.842755403791552
-24.6622198196648 1.45281620066824
-27.5668984634488 -0.00176862314839488
-30.8075002636072 -2.45546320362444
25.8024125380244 3.40723269292344
-29.23955283908 -0.409578892478715
33.6532671629788 0.409387562943216
-29.2113448579003 -2.96938211402681
-31.0468502974781 -7.19093182361793
32.559347579741 -1.17769469125697
-34.7833121048962 -4.60424033998395
32.0605750159216 -1.39876183281733
-30.7589581303064 -2.7969934004203
-28.8859157649877 -1.11596390214083
24.9599855693529 5.96970774511932
29.0275670761319 0.226472035106034
-29.4012326434929 -0.225525263741795
-32.3222869081483 0.925818810465342
28.8893934211578 2.68886567046688
-27.8676315035475 -0.216744448586603
-31.5912027920718 -2.91952372191096
-23.4711210160047 5.83186807469239
29.9712020938355 1.15630629186458
32.3702886674164 -0.716936052154538
-29.2964881500934 -1.91879508810826
31.3919826524342 1.08034515588016
-33.2577008933465 -3.265991413427
-32.4623914847775 -1.36933876975121
32.7979171450687 -2.94931899709249
31.861332150871 2.08610866458108
-29.6788046488158 -0.0131884102486639
-26.6052116073932 -1.47521101302647
-30.7950216608641 -1.81773361726611
-36.0955403948639 -3.14687146903002
32.0906799801449 -0.711006436750769
30.5941668069262 0.68212246638681
26.9125110713406 5.91585478351893
-33.6070740899025 -4.91112878560749
-28.7935505240169 1.63272114681013
35.2292374640071 -4.93469709280638
-26.3504986817668 -3.55006553560478
32.7795403016946 -2.80730893441474
27.6190984858417 4.25357185583061
-27.5172629135927 -0.432950784367166
32.5618310131138 1.48456237907117
-30.2986439748984 -3.59094193675246
-27.177984793388 -0.447000429989144
-27.3489110592399 -1.12743475279064
24.869393525258 5.69219900364825
-29.2137519931157 -2.00216640084691
32.4894674236502 -2.00678283983282
31.889222741255 1.56822425973629
33.2335795975156 -0.225250664359192
-29.8518085217275 -2.58738068822394
-33.0666365601198 -5.13704563990563
32.641075439912 2.09133926033598
28.3568009836195 3.17910555372867
-30.8664638742264 -3.0130656685533
-31.9060203838766 0.59183897049029
-28.3505903286914 -7.51074776960049
31.120017198504 0.918224145147134
30.5824259537071 3.07883138713026
-29.1502144552948 -0.331963771666447
28.900660828551 3.16967756165961
31.013935930542 -0.679212486639084
31.5779695964861 2.64342465191569
-25.0814079335332 -0.0884236885513574
25.9067006444346 3.79263037810516
27.3556516005454 0.686705052835574
-27.0937019927548 -1.72350382647314
-31.9261460473649 -0.948860131719466
-33.7743613202103 -3.44713763289224
-33.8999304033045 -5.44624424022032
32.6121418263449 1.69367077761934
29.5397388816095 -1.99592768532627
-27.9194302179897 0.905312012796685
-29.9691581509494 1.60180697146747
-28.2174909694307 0.48958247998914
28.5614924793162 1.25483619305363
28.7256779993228 5.66179509463416
26.7506999528052 5.75026641504364
-32.7653043972092 -3.82984725625976
-34.2850062264957 -6.45261265311988
28.9985638183966 2.11994423038181
-30.2993595336802 -0.0820607173375025
31.8841508808229 -0.154080115596873
-27.6437782957484 2.0140426094284
-29.4173116974064 -0.408749661516564
-29.5324507422644 2.16681515014017
31.34226637893 -2.14832315259644
30.2912289059944 0.286181026780604
-31.227821211333 -2.29730617854202
29.177451232388 2.75276548290979
-29.527309650358 -4.93672919983672
-30.7352771864695 -2.47336647088451
-27.34026232362 2.79927428722321
-31.6044909048696 -6.00618710974723
30.311946235903 2.432201895519
31.3567129711968 0.0211576383408314
-25.4658481195507 0.329509460688586
-28.6462771425877 -1.77791693322103
29.8108042252455 1.5497986862058
-36.2040209469925 -3.25498047472701
30.7506627253886 2.40611151004444
-28.7968009328591 2.07692660873656
28.7982915558623 2.94344793253647
31.903778590659 1.88744620355684
25.0313688644443 6.18986870741849
-34.340511177703 -4.81790175385359
-33.4348209707028 -1.89123140103806
29.432591236259 2.25646680040943
34.1173507457215 -1.80643962818408
28.6847892919448 0.394883311129665
-29.0519849341828 -3.19699072605647
-31.3188785862065 -5.93274881459827
-29.5033393296828 -3.89963079080555
-26.9053350023611 -2.18086425264303
-26.7532101960855 0.651767347026561
-32.5436582162921 -2.61456396148037
-33.1272129356026 -4.15055812687681
-29.4042812066622 0.775814893045585
-28.0163919917643 -1.03569643878157
28.5053859426118 4.74930309824534
31.2102362986962 -0.963134740444984
-28.6032068715578 -0.485342029736276
29.8428202584678 1.4799307613466
-29.2102598109066 -2.08388330042458
-27.8191042989009 0.709573521734708
27.2902486235274 2.27149823926645
-28.9285543090365 -1.22071463371021
33.3142395049262 -1.16523032999769
30.3241496604058 2.5978394556089
28.6538624770999 1.98801416583953
34.7102386508083 -1.47398382018126
-26.9797118964904 0.428702326468282
-28.7179331040386 -0.86039239299857
-32.0729307365111 -4.54648425025382
-33.869045303394 -4.79446794484852
-29.8721300295694 1.02579751781546
32.0954657753722 -0.9604796992338
-28.1892164566544 -1.8907080092852
-32.0994265450017 -0.127524937147033
-33.0511437330938 -4.01236369330632
-32.42671553672 -0.349948688268386
-28.5800234812782 -0.969220885949264
27.2851446939664 4.44437269552962
30.3151200633335 2.61257489626282
-32.5311160806927 -2.55831559511773
-31.1518498797544 -3.61741640176752
-28.0984615106042 -2.01682751919503
28.5218595261309 1.81444287344699
-34.3047566522912 -5.1188041042633
-33.0326490911265 -5.14144155660845
-33.3584327873802 -2.39542203257775
-28.4277558351933 1.21762832282112
-33.9058354468046 -2.15185957675593
-28.3214901913605 2.75068491650225
-27.0773924288865 1.41913593343456
25.9936238787427 7.3013075360716
31.2804747182757 -0.246106895235722
-28.7527173461324 -1.90336843456061
28.9553780825682 2.88532357661433
31.2985150687651 3.48086290611236
-32.8453307704733 -6.21869098195203
28.6622182234761 3.16307004234173
32.6666896929842 0.520036266880247
25.0979059750265 4.97074821810199
30.3399019301532 -0.904406109780618
28.9640393937536 3.45495883229865
-32.4155100738929 -7.37434305806109
-33.3765747232876 -3.8791707214959
-31.9972063385595 -1.54488916421845
30.933031549898 -0.959660716247766
-32.2786938028614 -1.69054937869851
30.8669876628615 1.58969006730035
-30.7137482437697 -7.04859946016324
32.7558752859776 0.0956986003520903
29.1457610529592 1.29494200616134
-27.8917532268117 -1.75389120583528
-28.8112213285312 0.325775408556351
30.9123545294742 2.34413083190039
-30.3119936624841 -1.20715767435403
-29.5240235996272 -1.15082525074624
32.1883716051425 3.95340432802179
-31.5690612140997 -3.70259922185327
-27.881001040013 -3.09555571015157
32.4226859237954 1.24015797380469
-32.1771764833594 -1.52894769622121
-31.3994645870196 -1.17630944636322
30.5544048109792 2.7550595700046
30.5919992630449 2.68277501251334
-30.6740848574375 -3.59633381472951
-29.3475334251052 -0.692394328549899
27.7773540024265 5.1355581025276
-32.1782161865635 -5.058134072061
33.6865250951546 -0.301014261716413
27.8010320789187 3.76516112466053
31.2481449517258 2.11736868336724
-29.4844219251855 -5.03297423750401
-25.5373647015244 -1.77512901805264
29.5336236689952 1.79477470061647
-28.2516586308279 0.141928191948906
30.0783796979832 2.17013994993911
30.8310621485768 0.238602213606173
-25.242128834487 0.113072272022565
31.0726335081472 0.0357260987736665
-32.1391702687202 -2.70057166837336
-30.5832292272609 -2.08412617578961
-33.8069991687347 -4.10037719417986
30.9503558244611 1.59845063641664
-31.0598030448148 -1.98663875961646
-26.2553706330334 4.23100993558325
27.2343399043991 4.00946058279665
30.6729149412475 0.586361298713646
29.2497828535879 3.8949434046533
-26.1656633854247 -0.560633691094835
32.5975444202505 1.14285275786652
29.8149017366311 1.00031203431088
-29.2475740009241 -1.46719510736239
-32.1832393522602 -0.284670956552174
-25.8773489361871 0.314584144410682
26.5008898885269 5.44394163453195
-28.6941393052112 -2.23701538788124
-25.4116078511545 0.0748200957929739
29.1611859282202 4.25124111326856
-31.0284436296129 -1.2408988971398
-28.9667172798143 -2.34801029921378
-28.6278924455522 -6.17295066883708
-29.3646193895479 0.594607829050727
30.8745807045922 2.50540579390107
-33.3722923713026 -2.52003844437247
30.2395550772168 0.636319434560197
-29.7865119608324 -4.6635986958376
-29.7987830564173 -3.64524437697301
25.4614006596437 5.81551928552555
27.3803869863487 4.53767369718779
34.4715035070353 -0.199303855481058
-33.2275367005142 -4.19349593084806
-31.8539952273729 -1.67759231307349
-36.4564224589452 -3.63092355514349
-28.6531903502946 2.58475295950293
-29.8391313765546 -4.6433179414284
-33.2049536535969 -3.48662437103878
29.3081043538298 2.78564352282781
-30.9254193247762 -1.09306940214593
28.4631361678679 1.52399450460224
-27.1761689724274 -1.83031666466616
30.4632971617754 1.41486790677929
-31.4834826441377 -1.34499749353526
32.5305694550569 2.79569331481688
-31.2566451423854 -5.57054535576997
-33.144270362533 0.0585058113799466
30.3847218309298 1.21036419109692
31.3284646899706 3.50262325333995
29.749998720527 0.37162666035671
-35.2883755485329 -4.87510805190037
-27.0789701961207 0.189170128825938
32.4199006800262 0.292960972939908
29.4379702693453 1.82186356231267
-30.2332575455697 -3.00136866744733
-30.9375579302089 -2.4644653087529
-30.1545100610098 -4.2736598779765
-32.5524182548681 -1.4195993596141
-33.5783925975362 -6.32476547216251
-30.0918472578989 0.180491733265888
30.6019494847072 2.16195794476897
-29.4620531733538 1.74140736037709
-29.4294497320618 -5.83115535695564
-26.4596346679507 -1.97943500543323
27.892036928252 6.69048976090327
28.935521564563 1.57026257235327
35.7960475668394 -2.16893159019808
31.666304338566 -0.817878751562338
-33.3011506287561 -2.06808211678259
-29.4351990899626 -2.98020656457444
28.1898659204951 4.63199225923204
31.0657950853301 1.00036800442566
-31.2662886412513 0.629635071547364
-29.7643031840132 0.0362152387215424
31.4410253032128 2.53268970667201
30.3089808169057 0.514415772326204
-31.1981380348354 -1.56760641216133
-28.2571532159947 -1.01658607347846
32.707540856989 -0.648016831596123
-26.872563825204 -2.08486510188779
-31.9586152724603 -2.59268471049974
28.2838380308996 2.71973322698443
29.2435178455008 1.10516202265189
-31.1765009362714 -3.13847551000021
-27.9511893334131 0.58105511697924
29.5933894860969 2.36844561577352
32.2248002423819 -0.0749816383292803
-25.9832208863569 -1.95670991421239
-30.1823593539542 -1.67211143967497
31.9998135193893 0.463810600994097
-32.86554909709 -4.9571893039526
-29.1801216150365 0.66906052284692
-27.7733084573991 -1.62768572701909
-30.0241482711699 -5.6953260963711
-30.3639434741407 1.65047761026044
-28.4419633368654 -3.60917182117686
27.4396690830867 4.17253238263802
26.6951171848647 4.05577564554183
32.1143505376331 2.48050696425903
-27.1903067948786 -4.8351818345819
-27.742070611209 -3.19593158826112
31.0838672979164 2.20949309465746
29.8826789681728 1.06886693511698
32.871049546148 -0.874194697529944
-28.8961104028768 -2.66892975545505
-33.3147868736817 -2.82976171387867
-32.0227948134854 -2.55344364701811
26.8196646331657 4.47347435759904
28.6585482768724 1.36556862420985
-31.5527210791019 -1.09807792693125
-30.2171842945241 -3.59537760278904
-36.5626661880969 -3.12562945435876
29.3757127833217 1.95835722546075
-29.369400472106 -4.24306513853858
-29.142896111152 -4.01824634163025
-33.9455760373573 -3.55959084980244
-31.0343639883593 -3.82162499835938
-31.7540930159726 -0.459384639693602
30.742001146854 0.957685476912244
31.1571965911384 1.35068874888896
27.0100309869583 2.41851383549013
31.7873614581459 2.01543643819051
-33.4715688828724 -1.74219028799284
28.0543965001326 4.19325173475068
29.1894066256467 3.59821581967366
-29.2117655765976 -2.83154212286426
30.6798781543626 2.36608200754581
32.2708825290777 -0.366269562665392
-31.8404663910604 -3.2906286820864
28.4286556828038 -0.514413059594621
31.7011780194886 0.429674191999716
29.8147044125202 2.59966393358664
-30.6663240139729 -1.60775148264301
-32.4216028356622 -3.70555931320764
35.0650123418511 -1.81152851557308
-32.2923343395371 -4.6275685031024
-30.7254254741516 -3.07881720247063
29.4428705532286 2.62561949716753
-33.9395998668686 -6.0868257860497
30.8324864557595 3.91566727834156
29.364745069859 2.03211875322206
-31.6262556398627 -2.92590373630667
33.3441768115632 -3.04526167929285
-31.093599024811 -2.54876785339943
34.2041536468202 -0.372674267945322
30.2182184397017 1.7552230762777
-29.8237979421213 -4.39396452274081
-29.4978697434587 -2.05892870407685
-26.2045595245409 -3.30927475084073
28.6971364511562 1.67666684765483
32.0529516666835 -1.05312013151635
-26.8101872455452 -0.162676391739595
-29.4984465705037 -2.920171601626
28.116096679719 4.30747799028493
28.2112324854665 1.5990203100376
29.8698517683397 2.14628042224173
29.2066799101916 1.98005189830212
-31.6271573325593 -3.6742488403222
-30.7024928000868 1.57944829357805
30.199657695079 2.29618450938914
29.9090138437764 0.354072492186231
-32.0922887635526 -6.31714490903573
26.5498094880843 5.03612422459582
-26.8958618865447 -3.42210728517229
-31.4147388823776 -2.97643247734784
-31.3118235234409 1.93081936782542
-28.2437878877747 -1.87975281493295
29.8864287862415 2.70835416184375
-27.68689363741 -3.57042115601176
29.2831472949155 2.24720825065493
33.3248263199304 -2.52540146292941
27.0525380417825 5.30161289292086
29.9719667728867 3.22400012031791
-31.1142520124429 -4.88724341766505
-29.6821382552261 -3.09655608440257
33.3887131242711 0.00505319870907561
-31.1403211103401 -2.1538647545663
-29.8091067930231 -0.975006652758555
29.3997187625907 0.847113340183431
28.4524178618236 3.16818739566536
29.0633763484359 3.95310184381129
-22.5519163117167 5.55851828108347
31.6887881206818 -0.893036277082285
-30.9557200156444 -6.01026262328644
-28.4309156275802 -1.4826705186537
30.3659462690351 1.24218060419804
-32.7803045423684 -2.37923145481345
-29.3314809636383 -3.97420048339285
32.7733566808957 -1.16671027665024
-27.9740052251584 0.512084223421571
-29.6420932020186 -3.9462412906361
-25.5521960144109 -2.30493009809593
29.8792023869331 2.171373377147
-31.9160029388752 -4.63688870642404
-28.5290706566427 0.452202999845006
28.5354828208296 3.89912250049632
-28.675600718064 -0.166192656069997
28.1670777246395 3.2919814223363
29.7934672059915 2.00924778395009
34.7750078829721 -4.05757825990355
-26.8147916517116 0.914490811885401
-31.4602962194096 -0.540193072358763
-27.8372710318609 1.28764729623686
27.7999044614811 5.5187538637137
-29.4365604613579 0.973733265702229
-32.2734088651832 -2.91758361614787
-30.7247780328291 -6.95965967578084
-28.8473369609295 -1.81024047023732
-29.107032490227 -0.19081814494497
-33.3991516970904 -0.484497867380341
-27.3275376908168 3.11293395849673
-30.9985525438543 -5.6862081793993
30.0817713332382 -0.24259445145676
29.7401879611238 1.12385948343737
-30.3898425871593 -5.61317554563086
-30.8431629143868 -2.92942655018071
27.3996791573205 2.79008633686438
-31.9158030920603 -2.48404790427694
-28.3121803312908 -4.10913926571968
29.5230797237393 2.01844088738186
33.3974094511667 1.77409342611586
26.6764216619822 4.84333237841234
29.6841120947374 3.65016783994292
-29.4613674847469 -0.622526440264927
32.5787640447576 -0.507569987392568
-32.2138408913892 -1.90665473837541
-26.7815643507609 -0.112419626898311
31.1520159845892 0.601529505688817
-28.0389286892498 -2.70949810261193
30.4412066131619 3.33050758086014
-33.2272449286067 -6.017049042842
30.5778761906527 2.05206962513473
29.8810556464494 4.71461978221242
31.8778727723923 3.22712400964095
-29.2971751343646 -3.80868688191238
30.2588263489104 4.13304339136762
29.1307664582575 4.46748765780931
29.711928100044 3.97435713891958
-27.7510935134628 -1.73480238359828
-31.3318770983991 -3.07121565772659
28.5110437887706 5.01553169464207
33.0984053809026 -2.98223985315685
-30.0695598745116 -1.75524082153072
-26.4562849863864 0.718718674081669
-27.6321019567091 0.256897168679011
27.3876580784257 4.5911098074086
-28.6373815576041 -3.60299109718654
-33.2276107125092 -4.7400671638372
28.5472063976531 4.51047003731388
-26.2612579821128 -2.3997012184283
-29.2762603276247 -1.72843514073046
-27.992722946964 -3.80123309152543
28.57499484207 4.31060724630061
-31.0470530073444 -1.72153785409023
31.0972681656692 2.02360607016666
-32.8205520126408 -3.77495368929865
26.6345300568543 4.87725531776595
-29.5223180532098 -0.919004593701286
-32.0136172132322 -1.17910225988279
-27.6649134240586 -0.67155707919016
31.7818546270527 2.25821734950835
-26.7495774067414 -0.716661766735209
-26.1269396955092 -5.09106155953968
-30.3858606434699 -1.70228388825473
-32.1966861177702 -5.27833733779099
27.2829739469669 5.68683263894372
-31.9052039535537 -4.79010128357283
29.3785698894518 1.66384747739887
-28.8752586015854 -2.35441074612213
30.2102456537143 0.81617678395575
-30.6224418274713 -2.28284916029348
25.6860177030673 2.76377995344153
-28.101787819759 3.05212601535574
31.5392902663657 2.98894917291243
28.5847450866556 1.84699217059321
-28.7750925057817 0.524207056928033
29.2862777578724 5.23427482816338
29.4229132368778 2.48876073353207
30.4607783389516 3.61350065424952
29.7509706967413 -0.393874634509495
-29.2083265453904 -1.12031148493972
-31.4389445528634 -1.9928390664281
-33.1058606054474 -2.62225375471452
30.3579683056869 0.47850156925213
29.6874873091751 5.93544285921673
28.9925783041796 1.21675472363171
27.9180763172373 4.03084741627197
29.8758979179103 4.13264072590341
-29.3209081434297 -3.95073850388884
-34.6164434877596 -4.6047013062316
32.0713406925908 0.372848297919733
-29.2636082466718 -1.85732805238902
30.0608792909394 3.94925061455776
29.0303748968934 0.333947368593058
-29.2433628311187 1.99304439876908
-28.9804722248471 -0.289804171813666
34.335425422163 2.64574095414072
-35.1026823989203 -1.63547531533479
-32.470023722966 -5.1508781245373
-30.5449295381348 -4.21188446305306
-33.4307282585162 -8.92311700023388
-31.1862937984473 -3.77862752097034
-29.9480913918559 -0.963072462270752
-29.3150023435063 2.05238857250877
-31.1214175149433 0.488183394445935
-29.0073446397502 -2.25251868789274
28.0092459367173 1.72876032806508
-29.5542457083606 -3.10582507813142
-30.1022038351216 -3.84279528913166
30.5934302426248 1.31838564818984
30.9671305517765 -1.69253957660341
-31.1284167638268 -3.48035986522735
33.214605574985 -0.848910283540714
30.23110573126 1.86192494865469
-30.1624020237076 -1.27594202011956
27.3899577869162 3.81619143437522
-29.0460257073377 -0.856869941071014
33.7080382199916 -1.20608124086672
-31.7501968022293 -4.2715356162352
28.9402586875901 -0.0751149547035901
30.0395806117222 1.68729973064253
-27.0747959065334 -3.55829934326877
27.2482399520208 5.60078919583444
30.5667754620898 2.61462046907679
-35.7769345421598 -6.11070199528637
32.9780493302192 -0.325552128335296
32.6951629241534 0.520413814735968
27.4596511621814 3.30665915828966
30.111673672558 1.36224368258495
29.3769828444491 4.16001154439454
-32.4235662269843 -6.70186005517664
30.5362100984137 -0.557881218983053
33.7239240833279 -1.54183701537517
33.1139710979564 -0.431862419477315
32.2671189944447 -0.818835705232884
32.5034455480017 0.2031684937482
31.8509076495369 1.05383633279879
32.2294831681593 0.0189127375764371
-29.9988658437278 -1.54874445966778
-32.2474280844627 -5.83807797269534
32.4705392856277 0.991880484250019
-28.9443140673792 -4.72746988221114
26.4619634699554 5.17830226751455
-29.3685610834654 -2.57010896208625
29.0803277847821 0.740568523353904
28.1850349033157 3.15203576658522
29.6235007014392 3.23672306553284
-29.2307872807187 -3.03003701477051
31.1264995426867 4.09762566815284
-30.9576684966839 -0.215143941766644
30.5949889717499 2.26988179678213
-30.634640162008 -4.30772984853384
-30.0525173026783 -5.87452592302802
29.7193535162177 6.73822228603067
-30.0614131720388 -7.02339105068431
31.8505474478925 3.80939701206013
31.0068676317364 3.0786367639903
30.3415170019465 1.6520546168085
-31.9670813449181 -2.34523811684221
-27.7144355993259 -1.68825036007509
31.3889838722604 1.90451382742227
-30.9112102611603 -0.700789449959988
-31.768290074588 -2.41429803037829
-31.0542744124812 -2.30155915690704
28.8492449593172 2.30330430378419
-27.3941885304756 -0.195243036333188
-33.8354143068612 -5.9859537352308
34.3574540416992 -1.90272336439179
28.6314719692993 5.79535865195481
-31.8232218572301 -3.51633106149087
30.6047513677256 3.22283768126492
29.0642450339979 3.48559879840801
30.3973619441984 0.681766121735362
-31.9845627752671 -3.12445169824352
32.163700237538 -1.53333891750061
26.3072705898041 5.40856558904865
-31.2480134152139 -2.61438953411807
-29.7703944198405 -2.71142751120303
-31.7588863932255 -0.165136902138877
-27.1806491762304 1.00334794923627
31.7754092565138 -0.882679732626442
-28.0171239105463 -3.84318857230203
32.6232549626557 0.798253103390147
29.9755848933361 2.45490710237419
28.171674707652 4.51816683280453
-29.2612120964574 -1.29390934320788
-31.3973326796557 -6.91210990219901
-29.9145580448546 -5.12564456514772
30.6580186887298 1.4284757541966
28.3384559425405 2.71079349912665
-32.7698585061725 -3.48092191559141
30.175058499031 1.61715503633966
-30.3390061714228 -5.42680936814295
-30.3307891472634 -0.345543103068677
-33.031969079443 -5.83782576013692
-27.5358179338136 1.82984373590599
30.6586608186045 -1.26927755572844
-29.5118658984011 -1.25479785749185
32.2222710430009 1.80092298967638
-29.8730715118563 -3.48367317834661
-28.9424988779946 -1.32894733954884
24.1116226998607 8.3187559537048
-29.1285980501207 -4.09441741267062
-26.2927065763982 0.323786406579284
-28.8886099965774 -0.00404337714724834
-31.9052804722721 -5.34090578494252
-27.5977923535452 0.586114285526448
-25.0460718036124 -0.424822463026894
-27.1119699501843 -2.60234817738412
29.8545861067489 1.37486854800341
-27.0894568352137 0.0340259420193205
31.2803622572631 -2.87854324515272
31.4020573634999 1.36844728139788
-31.110549448102 -4.0257731814957
-27.228576705519 -1.17884938211113
29.815464435708 1.82536999053783
33.3416538835446 -1.29571293833431
26.2665542895579 3.82343656305866
25.1849644846643 5.9916677652852
-30.309173387946 -1.85504129881513
-31.6381408085178 0.726009264678812
-33.2040221183584 -6.19064434586263
33.0440899598469 0.0712971209068662
30.508909725095 3.18506173432753
-30.6021114381533 -0.123921518696126
-28.7323702255348 -1.40933469600825
-30.5230851300917 -3.37534340814612
26.4497497255514 2.76052363384148
-28.9668179259719 -2.72454474881952
-30.043597675455 -5.97223143196244
28.0405183107951 4.6580294957278
31.8618435340791 3.46178708065979
31.0625218001029 1.86003867612487
-31.6268939563128 -3.29629994141311
-37.1741046687757 -7.49381562640228
26.9261475189707 6.69744721740321
30.3008597964154 -0.731867224892096
33.5450867284637 0.892643864322113
-28.8477709090454 -4.64123049137642
-30.7295898045811 -3.43471946726115
30.3544374144355 -0.951617023390026
-32.9440602823113 -4.20639500057682
28.9907883723447 5.56338408970483
-29.4714377336256 -2.46087509094667
-33.2488376503967 -2.33147977365343
-32.4532229449181 -0.826474096506799
32.8460135366788 1.64452463513964
33.2889408692605 0.815716566890134
-30.6659617726445 -6.44758683020541
27.4298741345822 5.92765642489238
-31.7314724842243 -7.05102666570475
27.4780766675496 4.44358356494448
-29.8406409147441 -0.808568320619268
30.6097285094411 3.32377850864614
-28.7372975529245 -2.41446955923665
-26.8158061577324 0.0577121495818678
30.668353123361 2.2428727637536
-33.0648573583976 -5.7523787957141
-29.5487805460059 1.13253327875984
31.6264955033081 1.6906638410441
29.0774298982709 2.64545731245953
30.5428603346943 1.1298294165064
27.9655789971711 5.68044538009258
31.1422476282861 -0.363185420288212
-29.707066403671 1.37266166130118
-30.5653808660975 -2.4962439075826
-34.8042631570692 -3.89500123841649
-32.283553336355 0.384725405106063
32.3334208743169 0.543387203247134
36.681575938759 -3.97665421519163
28.2720610596226 5.6720448397919
-32.8015746561401 -3.0484764705997
29.165549746698 1.45571972367358
28.253852147205 4.37959402240569
-31.8876795433571 -5.94673728515382
-28.9380172813036 -0.0629689667578424
29.8841865805696 1.18034049353338
30.9759896846538 -0.380258394172596
-32.7257824046098 -7.73631770930206
30.4160899494313 2.29434179161404
-28.3107178293245 -0.165822240410886
28.719441261895 5.83316106436632
28.3838015870791 0.448429394312969
-30.3693248082561 -2.08814917693753
29.685883949571 2.31197637129592
30.7169515185737 1.29207964371351
29.8914581015563 1.76276477683876
26.7500119673702 5.3446202483593
-32.66956626681 -4.8798364288289
32.5522563677708 -0.613495723219108
30.0787002641228 -0.552471947988727
-29.5073857498057 -1.65282026616585
30.707031097539 3.11411258946142
29.3662620405163 4.34580881699281
-33.2986610777461 -2.653565400124
30.9041930079262 3.74929949577605
-28.9806861207908 -0.925153979176762
30.0827943806034 2.93855266756202
-30.6914944349338 -4.07404401394177
28.3019629364426 3.02172252541239
31.0803601566761 3.08829051765427
30.4338828805364 1.40455456124522
26.9145540042696 6.09974530395354
-27.6027800251377 2.54992673197011
-28.4249660726284 0.0509179941110607
32.7158716449571 -1.55582426836837
-33.6584614964475 -10.2643168465145
-32.0075697458828 -4.70540756258614
31.8613350997055 1.85696616066827
-31.4300584657839 -3.3694224435551
27.5351525479232 5.18557129786443
29.6570443306878 4.67368101910338
-30.0898435982603 -0.682627290107419
-31.1304419225817 -2.13688886910598
29.5066539262213 2.11771095109543
-33.1844508340563 -1.75593513066276
-33.0360057811255 -4.21304105212145
-30.3839206520618 -2.67925378431315
30.9177376407209 0.959593925075553
30.8554411808992 1.24672772600483
-30.0481749955955 -2.52363501331915
-32.7698274151707 0.287804013956699
30.5414101252151 3.54645014383519
29.2277389589981 3.27557701045076
-31.6620939784488 -3.95337320335365
31.694260512916 -0.795743554569511
31.2254104932551 2.62512382653258
-30.3428018926903 -1.01006759205011
28.2342862651838 3.03530052110141
-31.7028516717133 -1.77305242593773
-26.1805480169969 -0.192724149811283
32.4462440475204 1.92623060612505
-26.63969841518 -1.09131817678462
-30.3030777809448 -1.37615531140458
-27.0364422009337 -1.96780246138637
-28.6521988154018 -2.18434857269654
31.9477784948244 -0.47293976260703
-33.4447480925206 -1.50059690636835
33.2518764162781 -0.441140354404105
29.5704879119461 1.7575497703662
31.5345338406954 -0.836861841744023
28.0236520746558 3.20129523642555
27.7743676329447 0.572486046568973
-31.8051726271972 -2.81492372561552
31.522791628221 0.601762067644977
-31.4863475343862 -2.25371766195815
-25.5198422125123 1.11857906176146
-27.9600803396577 0.268010332372793
31.2806192892265 3.63017798323764
29.221172787241 0.0468405155824643
32.0917672383424 0.831283834589417
-28.0590311401848 -3.36728996590735
-33.8970079343522 -4.23082154610057
34.4689993630951 -1.85753635345819
-31.3788475987904 -3.7361268627441
-29.131791588725 -1.30616309753934
-29.4408474889214 -0.750312543588538
-28.5876610728501 -3.67976175042903
-31.3987543408627 -4.10215173679818
-28.3563295562477 -2.66545261355071
29.8516427379437 2.78646063943005
-27.8697541695931 -0.0948625587362484
28.1055262124227 4.6986068834166
34.5358713088594 -1.2947492870373
-31.8467570923432 -3.9091774141163
33.4635649855508 1.83655967939669
-35.2535840292733 -7.64873423660756
29.4447198605833 3.66427836378989
-29.9408988740913 -1.17066505107079
-30.5075179667723 -0.940366417079917
-28.9100847062546 0.832562050286524
-26.8677896059751 -1.21857428705266
28.7758003893155 3.43108807002582
-35.0623971390612 -6.73462498323476
-28.9110987241728 -5.05494427008719
-29.4409752778376 -0.271223992204685
-34.2501388383852 -5.71122964911222
-30.1161615527802 -2.34847515014698
-30.085246883173 -2.75621634937666
31.0642369875565 1.04754327666434
29.1493748282785 2.95412366735927
-32.5218279167861 -4.8229331377128
-31.8743144317521 -1.50787359984252
-28.7302432895008 -0.154495614375216
-30.594801785437 0.172362250041691
-31.4178048571388 -2.63209434105163
-31.4559636542212 -1.56690363415274
-27.4483201588732 -1.93905284082539
27.9265913436502 3.7254309253405
27.5149714742906 8.57617705390975
30.7603976543057 1.3750657407397
-29.0003260025489 -0.675110537131448
29.1047121191478 5.17100339330764
-29.7337282421254 0.387297889082134
-27.9731287294877 -1.84223791629934
-28.2959743180089 -3.85144944605016
29.1659186726424 5.03326628905105
27.8799241162211 4.81620627220935
-31.4688523643941 -3.28150960892433
34.0146270220913 -1.87704893010254
27.1008877427477 2.63468688395895
-32.8266465830262 -1.96923517870871
31.3640805431473 -0.703558040632545
-30.7594778466424 -2.38679119850984
-31.3380097828205 -2.92265635231811
27.9068400593441 5.23888669728037
33.3930666716074 -2.97559537375573
-28.2880704157498 1.42103654445031
31.1156136454286 1.98591674872214
29.4600734351095 3.86174213625283
29.8870663370856 1.25004819841203
-32.8337662830641 -1.96744610628277
-30.7847697434806 -3.19224130387784
-32.1656441311874 -0.409828775448555
29.3788973349935 2.91409443033216
28.999962062423 0.258203941498642
-29.7948630006691 -0.996204314770916
-33.7547882553599 -5.80886373040113
-26.1000973571038 -1.79719752403205
-31.8251678515764 -0.284806975271426
27.9293769893079 2.93789488635294
33.254139918344 -0.605145310398779
32.2818465469371 0.434270436443359
-28.4553329712054 -0.682843753915558
-31.6481010929734 -0.479954405708013
-28.9570630052036 -1.26710777912565
-30.7265041922014 -4.02371892853019
-30.7618293445692 -1.21293494080324
28.63840100183 5.19105516991887
28.756629167331 3.69176879611623
-29.5651874299447 0.638452619334025
36.8729127642579 -1.49914505407673
-35.5099020000208 -5.10742034633681
27.5515172487959 4.29577842339452
-29.0556618843862 1.49333888432563
29.5222540197753 -0.28439043895254
31.8981841090265 1.61024663246021
30.4071474733088 0.939173590213527
-28.4625015546016 -0.189474639869639
-28.8978176476647 -0.170699511967939
26.8361613491781 0.665906464135837
29.8649418576904 0.84050095446165
-28.3411391174206 3.36547778177723
31.501990451473 1.47928121340685
28.4196413237998 2.7419325702583
30.109935670364 2.4382167891796
-28.3549912215264 -2.20556301687124
-28.083374082785 0.544857044860211
31.3324908815863 1.04164696372958
32.5191372026271 1.11011484875341
30.8306108307713 3.653432940123
-30.4618285505631 -6.6705183616462
26.8762555172524 7.38016169341796
31.440030704516 -1.98550884446065
-29.0664886866582 -4.75573971088649
-30.0808024538689 -2.24035264952558
-33.1933896481514 0.119543892556894
29.2902158996363 1.13813559125631
-27.6806061957509 -2.1758750269201
28.460460866234 3.84301637334732
33.3368155122628 -0.446902821452401
29.2740954373635 3.47880528588898
-30.7528797714743 -2.56108158335326
30.3515689407054 4.1527308642867
30.1469829216496 2.56257762854058
-29.8986193658912 -5.28648430503645
26.8346037354987 6.64504295918683
-24.7197408482633 2.72290733477768
31.6985832902025 1.51215127564771
28.0891517457193 3.05976335233226
-31.0019369788685 -0.478172895501144
25.0829427443778 7.63576097316407
-32.6697423211564 -3.44107793289209
28.5881772200633 0.720695351163029
26.5339671507955 6.78737226230699
-29.4167722167521 -1.79658827664054
-32.145489291608 -2.99592844140695
-27.636658233723 -1.42224265504421
-30.7249836566495 -5.47377283827306
-27.5433772686581 -0.800618141213413
31.3477464538196 -1.43901150526658
-30.7444936249336 -2.2183355302724
-29.920432610389 -4.11665535364974
-31.0525807800693 -3.1375544187036
29.7540156592378 1.20381738698076
28.9130657823192 2.84415266654565
-29.2837886751126 -1.14690360229351
26.6014885055159 1.78751355097033
30.7639064340129 2.24468297166506
-31.0450832728504 -0.0525613439450994
28.5491489347856 4.66633787530277
-27.5300955107643 0.192773394652207
-31.6017151910872 -0.764982175736529
-28.046140352463 1.31374603796278
-31.0750084836334 -3.86021240713048
27.9831488186812 3.37601813742097
-34.3805678080582 -1.58278345810089
-34.0511738430693 -4.08944247776617
27.3882082793718 2.45065205487421
-34.183760686721 -4.23254856510154
-27.6996477354899 1.97755137439306
30.687275323503 -0.00553703320132293
30.6106616532306 2.16085625623733
-32.2648723302415 -0.579841314765518
28.6620022582756 1.83596804280066
31.0856348070472 1.80614818531507
-28.2106898397917 -2.79459746556838
-29.8656665038441 -0.360755505422286
28.0955167512338 7.0204338346869
-31.1324132069245 0.43905913136334
-27.4243827335973 0.813150241433656
-30.3571245936833 -5.57642467927537
33.7358763976383 0.408037457436735
-31.6450167997803 -5.80839614564877
-32.3048966387269 -1.71008317536709
31.855851142418 2.8673049736035
30.8962133935779 -0.569002011379097
29.8406088603154 3.40210701809253
-29.3710542060295 0.825158671005643
-30.8959837289535 -3.50900134264464
29.4330561014873 3.55125364688962
31.7925577913122 0.594168533078492
32.8054224808524 0.31330118062196
28.7931150934893 1.66281631315416
29.6462090674257 2.01206424709184
-30.3795278764348 -1.90504601713589
-29.1460885901071 1.70965546602489
27.2089857311842 3.30762483240475
-32.845799206733 -2.09145881314256
-31.1349207369278 -3.80592028920527
30.2982316916079 0.41748520627659
-31.0840311859573 -3.5178122606255
-29.5231520757996 -2.54318090694347
-31.1206052373357 -3.30777647065511
-26.8504517444793 -1.90448043951501
-30.3852590592576 -0.740769534288346
32.4338582814744 1.21559096951318
29.0029628039289 2.32467786847893
-28.5241914435179 -3.50920999104075
26.8687545590537 6.32717179468495
-29.1590825191936 0.274909726993957
-29.2986456651533 0.890941348294861
-29.8763241917474 -0.967776066307092
30.7374714309699 1.50957467226983
30.5944967465705 1.60802319670947
-30.8532958106861 -2.81103667019429
-32.2676037495166 -2.1810344011027
31.3368073348649 1.06491707030251
32.3047558151708 1.09429073829526
-26.3753162410595 0.5119769451017
-28.3549535154656 1.24251631173767
-29.2503189470057 1.08987570020313
-34.9563836986691 -2.4135079143091
23.5548455276496 7.44821616192552
30.3594249879784 2.18354489150838
32.8592128407615 -1.11489897877832
-27.9506133728905 1.56549740547509
-30.2197346615112 -3.29246030656174
-25.7273206518117 0.720284750593008
-29.8896876700643 -5.77898945603489
-28.5744568739804 -2.22315743482468
-28.3323998043504 -3.40018341079986
-29.0776640942429 0.914846965408077
32.8630617604743 -0.284912412769535
30.8862925992409 1.24417083576461
-26.2002532859599 -1.2720637536189
25.1839529616603 7.68302153206599
32.7739949319837 1.50184495661256
-29.0852976796043 -4.75325077692675
28.5551456742143 4.56078495269694
30.5567929863296 0.167145649320432
-35.4031735746559 -5.80599615087239
-30.2555424900387 1.34422817322382
-30.5836739818817 -0.434052856841666
-29.9932524295005 0.754097158571811
30.0277660077425 1.81487296838829
-27.1236335057151 2.65068755272714
32.1509387273364 -0.0444737309373799
30.680527960555 -0.590000372090019
30.1245586812458 1.90618792401044
31.7305601618688 1.74343452418137
-27.9365926052087 -2.99315548129424
-32.8726502702151 -4.67019430738441
-30.6539538432787 -1.63961343695534
-26.4269545402804 -2.44206577234798
29.1384148463041 3.16041710947935
37.2177798930735 -3.97458684748744
29.4795442807873 4.0615374968477
-28.0599801565561 0.759214694682333
31.8025182202949 -1.17810826528865
31.4028427922598 3.49270265196378
-24.7000756443222 -3.84629910140789
32.4205307256226 0.479372259306359
32.2591174564674 1.26129584412343
-24.684661675458 1.24966190459495
-27.7048486409517 -1.10084127914952
-32.1256206107251 -2.88504549457562
-31.3103920246156 -5.23461838283279
-32.2235922464889 -1.52565659835364
31.1894511447519 0.0190616622693858
30.4915541753697 -0.64941695943072
-32.2800704728172 -0.462329580052548
27.915448785226 4.95462378203835
-29.5117805859014 -3.55744458720768
31.9156290572398 1.77889028890842
26.2662643830587 5.36313542665505
-27.2568247885396 1.42731441486085
-31.0301196387066 -2.00731191536284
-30.026444734927 -1.43346611261356
-27.4772834052946 2.86551111987754
-26.8460486160898 -4.65814830842262
-29.2659473989233 -0.701912831992802
-28.1346459633876 5.89847558235736
32.3303763674841 -1.03132084771943
34.5870899460948 -1.6408390383167
30.0595883582168 3.45090684856893
-26.0030939356603 -2.80139799585045
28.9730799080483 1.96971099733141
32.0883952898485 -0.512590702339114
-29.40582385151 -1.73614552325071
31.5644712298952 -1.37472017162891
-33.781739043741 -2.75567272312634
-33.0460026740576 -3.23300295121115
29.0120270822434 4.59865855777796
31.2809418354432 0.993471744442109
-26.601455027131 2.87968213504409
-31.6619549650505 -1.8401503158635
-29.8814869308205 1.50415883914017
-29.8133662539797 -5.14167771732706
29.9948248444711 4.09015517885622
28.811407992083 3.51297869204616
-26.1932725815874 -0.957804284970739
31.6091923307713 -1.96621275810175
26.189196195853 5.5505983532559
30.7427454174277 1.03538592347364
31.7059725219972 0.589881899278264
-30.7682288903787 -1.40930761290358
30.3865811746469 1.87991022965552
31.5191568825904 1.88516261599669
-29.7522504895948 -0.742639445865809
-32.910542350663 -1.80782519368283
33.6408867626412 -2.69961599407128
-28.6517705129037 -1.96901459994139
-25.690446869487 1.27718809120396
-26.4715756616263 -0.512633049706664
-31.3225038525335 -1.56240896257986
-28.8716211495396 0.247692218085477
-30.9549072244812 -1.36258982595829
-31.032032766577 -1.65904245893178
-30.156719018518 -7.84708051494235
-28.0305109434257 -1.41952839822579
-29.5731441348678 0.410418704308507
-27.8996292320829 0.65984663730922
-29.5974653050095 -3.8775299843169
32.9514763209106 -3.81171921495566
28.0400725816403 3.21358734241228
32.2990465745736 2.49982981376499
-30.8513168372221 -4.81620533016144
29.2030796859016 5.05036855796705
-27.1808774695451 -1.76415922746204
26.6050707954059 3.91130807589915
30.8367104592563 2.16991402483545
-32.9996299703353 -2.83488203141294
-31.5345764817711 -5.00586034110208
-33.2718324507819 -2.63032724582014
30.9978201595887 1.42058416573754
-28.4426386492027 1.08702125580962
-34.1705235804851 -5.95767642103409
-29.2981105707847 -1.53473881856355
33.0084746947169 -0.707367783886284
-29.6527714748286 -5.98143882113995
-33.6144363106383 -6.765902044857
29.534673973033 2.87900588780485
-28.8007799068879 0.469444982223787
32.2777175906936 2.81775039228319
30.6872773534175 0.312910183981584
-27.419610360407 1.41807359923224
-30.7421447455044 -3.5993678120509
-28.0358066118573 -2.08703698112967
-34.6572284597273 -3.77038695633497
-34.2111177336716 -6.9496155369676
-27.1452519809461 1.57351689162385
33.6681736520619 -0.132991788186266
-34.1745480714237 -6.38316906902522
29.0760220602891 3.41968415278318
-31.2045543190981 -4.5331827569615
-29.6109353645665 0.734019517519529
-25.7590977748258 1.81777348106287
31.34407845801 0.362264851741414
31.1502175401222 1.53525818407607
-29.8656562208436 -0.21137173570418
-27.9504145850324 -1.83672620261188
-30.4592206298844 0.875267041101483
28.4232111576605 1.71566974240401
-27.238815275475 -3.0679184337727
-33.4279029057595 -5.20861730669749
29.4214861427429 0.184723890874964
30.078850722007 4.44836888524569
28.4122839962582 1.67070437570611
28.8029898165326 3.57489533769401
-31.6406028476755 -1.74449646855222
-25.7606253060421 -1.42553950684844
-27.8861900536578 -2.13939020034627
-30.4521689578341 -4.27203226788165
-32.7197382979931 -3.62183154876937
-30.4073899288564 -0.726606138942137
32.0666375567805 0.852236677873025
30.2938971302834 3.00741803620524
32.1814169329269 -0.18136838853699
26.8837332509363 5.18665284881617
31.1816349960156 1.91267105004362
24.5249059015015 5.25623738446043
-32.27602055591 -4.05895056739475
30.389920246835 3.35586841168775
-30.0755517142334 1.36699224838992
-28.3650026899881 -1.49271991347945
30.3230922817027 2.96629026100184
-29.8960792441214 -2.29640867783574
-30.3106291469333 -3.16219463897413
-28.9970851859222 -0.951671466551818
-30.5266178273176 -2.06251192460983
-31.9010784225353 -3.21295646322855
27.8611840541458 3.66828186934589
-28.7630724508182 -2.34856267742284
28.0082919201475 6.84312607308863
-31.2493907861501 -1.00163209960992
29.4947961803006 0.723218436565469
-37.3459658612424 -5.79703863308959
-28.6181607514326 -4.41068879383835
31.0418689618696 3.51165908928096
27.7035627193462 2.63381437247625
27.9754955367363 5.84147788711607
-28.867369689783 0.877463511895757
30.2673772822317 1.14910994433761
-31.6200193456235 -4.05429889302281
32.8644828672552 -0.758716020285602
-31.7266289139419 -3.12217450761035
28.666742208519 3.35584295967313
-28.0009899035023 -2.81889478612097
-30.5627801882016 0.823118565257905
27.5341618567822 2.73479043931719
33.2710827403891 -1.00534519500779
-30.8498500326652 -3.53656474028415
29.8228431646458 4.45532883470423
-31.479979338465 -2.29225795001432
-31.710827591104 -2.06502777624392
29.1740178608046 3.45788372545327
-29.862900327208 1.63367120936927
-32.6976685951778 -1.51217195321849
-27.912853042242 -0.195173097992734
31.2641851444554 0.475120726557718
29.0855482887311 4.54795295445557
-30.7765932266573 -1.01227562756843
-29.6162172102333 -2.14595600993979
29.8009630886032 3.54600610353503
28.7606846194998 7.03585584496538
32.5362397548662 -0.458455512414484
-31.9395915335667 -3.17660375229204
-32.8720988054623 -1.50458322861351
-25.6070754668808 2.82189710853962
-33.9202619198292 -5.42720068702094
31.3830957821745 -0.825099737110719
-29.2731648142452 -0.323096773707428
-28.6034814487662 -3.41471064020373
-32.1280552626654 -5.98111589875306
-32.4519081158784 -7.59902802389967
-27.948105501864 -3.65747448367241
-29.919635182378 -4.57183118142768
25.9650641949266 4.57506370395192
-30.6102101530035 -3.95283342666173
-33.3566575784302 -1.62946193535808
-30.0527692054792 -0.209048319615396
27.0328162348835 4.36349479672253
-32.5082276910762 -1.62696260839908
28.8874196205214 4.84252595823829
-32.3934035470522 -0.876104521880229
-27.6496370518926 -1.771443684375
30.2468453039836 2.55468034486213
-29.1972647287818 -4.83985902764793
-27.3334577651891 0.0193901215425338
-29.1466720559698 -2.54187204150691
31.0796059900376 0.437929569317859
28.1830219265264 3.14077243109575
-28.2233061734677 -3.79367831209519
30.5241108965781 1.07989776976428
27.7936181330633 3.20552647917152
25.855770303429 5.05557126719055
-30.7788935138859 -1.7350417097813
-32.435504769898 -2.2057779751789
-28.9081640890722 -3.8082131417315
-28.5261277958267 -0.84013097963069
-29.6885368754323 -2.93707376227619
-30.5055731796649 -0.497186206389951
31.9433092898758 -1.24998487491464
-26.8138177986923 -3.95159915073662
-27.9285948018861 0.120147747375158
33.3953810598562 0.921478902036092
-27.8133917861771 -2.57154253515208
30.3465285178186 4.58423804181969
-28.3404450918082 -1.41323437518568
-28.8191053826958 -4.43841478275067
-28.7895573080803 -1.7564809957789
-27.3328648569806 -0.921902276795948
-29.2832537324509 1.57000507180456
30.836388249913 4.24994788680628
32.5001983105749 1.02298923065858
29.2850484107227 2.2942559952839
27.8320215256548 4.03462444827597
-27.2081729211366 -0.902247663116028
-28.0003841395337 -2.65259651295016
-29.2368005763316 -1.24506708880029
26.738469225067 5.35223228276447
31.9058683703557 1.54786588119679
31.3370262945055 2.15050039806129
-28.9643630962598 1.93391427838547
30.632407668796 0.676973556056003
32.9642350273718 0.102548190654494
28.6587717505028 5.23887686066204
-34.1339365996114 -4.26053645861737
31.3465674977506 2.79557055310103
27.3360711560468 4.6359877367699
-30.2989028867352 -3.46419282470679
29.7517989649231 1.30865550414681
28.9823295233769 1.57398831564199
32.094157458109 -0.840002404259194
-29.7851129741983 0.106767753488943
30.4627573785584 0.807848043162547
29.9353661782888 1.52658321473039
31.5546665016556 1.90239903795592
-26.1882114527823 -2.58934942092257
-31.1645714362807 -3.35173705212563
30.8849379571767 0.731535424497386
31.8151374937427 3.19997586994155
-27.8460909654819 -0.62495926192646
28.9203135704997 4.28135475147539
-31.1891520972374 -1.50830974666139
26.7172995669456 5.66151175325354
31.3705185347174 0.966995850802425
-31.7179092770051 -5.57360182957319
-29.4187814131344 -1.73800452899765
32.3721011571849 2.89476739529951
31.4666975213142 3.0391680021753
29.1977885548701 2.74682751335519
-33.20571048124 -4.68320623287897
32.8970475749745 -0.202575366508384
-30.3325640939926 -2.76577250131002
-29.6384683878125 -1.5228786659101
31.2256938739238 0.387678158567893
29.3175215189966 4.02984922191833
29.0948667850508 3.37400314946109
-29.5884216322765 -2.81293163979649
27.1327812263744 4.4090893209277
-33.1304715399459 -2.00167203079254
-27.5648808350193 -0.203321804551623
-31.519187194373 -1.74939526439475
-34.0608614036784 0.0711100379033609
-28.1314442876653 1.83850869784153
28.358529810536 2.34456318447468
29.6177583983461 0.955225972124983
26.941143476502 5.75633947662417
-29.9737732742289 -0.96266714823433
-31.1285558631541 -3.43064701573698
28.796113127742 2.09258751744551
-31.124235266991 -2.10175453041463
-28.7488663687613 -1.61249110115554
-31.0905545615468 1.07839722691548
-25.9084895476842 -1.2341722572715
-31.7089081730514 -3.11188074840548
28.4035397321278 3.68681328496638
30.8537309955087 0.585702665281458
-28.0388333033105 -1.22330344992191
-28.7474900767388 -2.95916986717839
-32.0426974180577 -4.61775756390415
-31.1087342962463 -3.64960888707641
-33.0506858759441 -3.97293868899724
-30.196901580621 -1.53168073474038
-31.0484561178467 -2.11152506067041
29.5763589944946 5.82702620785184
27.5597687059626 8.79230939349429
-31.9367192156541 -4.09303796554975
25.5313215451613 4.95478257076556
31.5780424674591 1.34613891228543
32.0184690918219 1.20581487058035
30.0221201963456 4.32517271360091
-31.0280393185754 -4.97551120197377
30.6051831048225 2.80935476113346
-30.579610196261 -2.67620788810258
-29.0015895430327 -3.17936499934695
30.728205612505 2.00412351203283
-31.2049917992379 -3.75908709794795
25.1215111316529 6.83210592854002
30.5494490358404 1.45751617146598
28.237008930303 2.31975777420393
-29.5731788319172 -5.50388993307155
-30.9489782528254 -3.77194111191022
29.6542864668657 5.20791732665593
-33.5614922718655 -3.99388521321612
28.6536688940379 3.75882356284225
29.2467689521755 3.54600454767591
-29.2934061951647 1.38216277417184
28.4954499102432 2.89339772142341
-31.2380035334563 -0.296753914393549
-28.8009413041376 -0.844705033003834
30.2223326905084 1.77222792771366
32.8759193527234 0.51204547429784
-29.9959803918919 0.874458602690469
-30.0773910314351 -2.60726103293114
29.4210929936805 1.73021405994817
-32.9920935098047 -3.5498474276985
30.7387009830283 -0.309593072466958
-28.8791234890176 -3.59660490022409
-29.1441910140973 2.43552924525631
26.9923948187308 3.57960650876528
-32.2927538667054 -7.732274586105
-31.5765406881147 1.14702796410839
-29.4795702074346 -1.94775276997152
-22.8027827510283 3.33933707244584
-29.0982460779923 0.318830187206292
28.4603851723304 3.1054728046701
-27.7587277200505 -1.42278311695285
31.1656432062643 2.6918078043996
29.540736112618 2.87773532276814
27.0964554968477 2.63303211786547
30.8940154086534 0.876634815941599
-28.1098502946265 0.381793105762257
30.1904489132207 3.03129063119127
-28.999222931947 -1.84489228334
-29.1206006795159 -1.74659054090313
-31.4179074494589 -4.20431502619633
-29.9801912134156 0.129904026166891
28.9814379357274 5.80163594878283
-32.5975665737451 0.819157321104469
-34.4701576387852 -5.98909565597889
30.1780124103757 2.57511949517724
-28.5270963772498 2.52073320025553
-32.4187384036731 -4.90017220555294
-25.9709400146563 0.0336346200032351
-34.1193415707571 -2.09330320733811
-28.5620423899592 1.43853013295494
