x1 x2
7.94364774402082 6.992050567546
-4.20174828421495 -5.07835702668102
-3.20839108971108 -7.6857079400212
-8.09679596086222 -7.93771917064732
16.8489498852536 17.5226421880365
18.9864713204493 24.4495752289851
13.1235329421461 -9.2416545366028
3.72025325252486 3.62975069270242
11.9767137483586 -11.5651927518418
9.22770007970004 -11.895723087853
7.66683955381896 -9.95888613064869
6.11984815974371 3.17485305593565
-3.53550588522942 -5.58200170439272
17.8232585724263 11.7012587613445
20.3660155794102 13.852263547182
20.951086880993 25.2274948022517
7.01528939589238 6.8511235762875
4.49046951362768 4.35795741155513
-13.2220105439745 -7.37636033896908
-2.87378157812051 -4.23303940634815
19.3002592064758 24.7297442459491
8.96622637602463 9.10532523906207
5.63787600340903 5.2853494445135
-8.03940691846971 -3.79841987035034
20.0928166907264 19.9680356069007
-8.93512213437105 -8.24577706880506
19.0055796015821 11.7028879092
23.4309493538583 24.3549992545135
6.26622818768963 6.31730184315976
-8.23516146017332 -7.17702788862339
7.8226007270036 5.70341834152256
20.9473338901763 19.3287514944169
14.7199272333008 11.1161995335472
-9.07808739791126 -10.6829265384957
17.3019116979034 14.1891917486801
-6.14732889114788 -8.80518952779854
6.61226426249292 4.8291519838788
10.2092416350621 -9.7891377368183
-8.00729155733551 -8.1027340580009
11.4739275699448 20.1670340460516
9.15842292647606 5.59123489212596
9.60336400574017 -11.4583154077812
9.13861810730334 -12.2986109143785
5.44146544132813 6.38534250011674
-3.42080045062953 -7.15570038076056
-10.5817861748058 -4.37362247893753
16.0845841731402 7.1783642438472
-3.71085577928435 -7.14862747361424
7.7862190040337 6.9044334450805
-7.35002546700144 -10.777172602274
-5.01838527381401 -6.49036617246459
7.37430721975692 6.8191723463559
6.24648691084621 -10.8827289821469
15.7894819206111 13.6078811146274
8.00125390799917 6.61002266310693
19.1115932203589 16.0830541464359
-7.49158119536394 -7.22539562623453
-5.74816488254222 -11.5583306392607
7.01557135772789 5.8799060643459
9.89274972841014 -11.3066244309623
-8.8284083269885 -10.8224880249691
16.4275246572648 17.857092291088
11.6507813303029 -13.7486171509114
9.18999053464536 -12.716159730048
-7.08516407378718 -10.5116836318347
-3.87854490269734 -4.86373259857345
25.6276697280911 19.9024122020706
20.3826919094053 11.4417330621737
11.2212001452153 -12.0546053305773
14.7962185268122 15.6894215900819
5.6330583021433 -9.57606508000728
18.1898940991835 10.8515339729942
5.50589953519458 9.61500417128957
18.4084598944499 16.9874989889553
6.71135692364824 7.23418589900268
5.50358119699885 9.07754665597315
6.59299504200038 5.87087670902164
-6.38689655066295 -6.40396217166055
-3.74232170467338 -2.06392853361235
9.5462703819186 -12.3843551810242
8.86070568589142 -13.0154883414369
-5.11443650131255 -3.13669994306208
-7.00347834204701 -3.82235885069828
3.75070176178128 5.31223272504859
-8.33161289891295 -5.95984280552725
17.6269661879157 -12.2579975718336
17.5726483958437 23.3331922225738
16.731756411192 13.870625688942
8.18609713539892 2.64359325582793
-5.41960926435456 -2.05115689586947
20.4485256927343 17.3085751403035
-4.85768318843329 -8.92950887820263
6.18044784168227 9.13922294286079
6.43014663589701 5.93689420334129
15.6761192927982 8.22655660881846
6.69958591222225 7.3604468504511
-8.97303685977033 -3.03544789779093
6.9829441494613 4.04080540194002
-1.26735143087703 -7.14559369155728
10.9712537055734 -8.73846854028512
5.04757586516571 6.81240859962313
6.0535034292085 6.94275299429784
11.0949637409898 -8.50589175669043
5.85068332436166 10.6285150458343
7.03173427187903 -12.4323307776732
-2.04823160303473 -7.73843818488864
22.0977741299826 26.9856735439599
9.16049365573284 5.47656097386027
8.52574968439809 6.00532255069891
-4.2767379872989 -3.10971428758168
6.42247271542861 5.36553813312455
-5.09602879356241 -8.59363651432429
-7.98429456883872 -8.75798937541132
4.23646380509594 6.00262875825572
6.2766289072758 7.8543058496406
-5.28326132745445 -3.76240848923481
6.67176962778846 8.44344997215949
8.59395070157167 -10.0774933456308
7.45630374832523 8.30423221455554
9.3631816726435 5.86176322969255
15.4525496422611 -12.3332585842197
22.4338250747036 21.8426282707384
10.2307033707613 -10.4099499684388
9.17001569651009 -12.3353238585708
7.22806285171577 -7.87671842000399
9.56594917677627 -7.0578562460198
7.73805130405657 8.30070955309307
-9.58418525771772 -7.50191868273026
8.48473397449764 7.72740421073865
-9.21186766520894 -3.90221525419053
7.10152155155612 5.24974290247548
-5.88314153308787 -7.35878178219553
-2.68883244488015 0.121758643418974
-10.3411138256345 -3.84405734382063
-9.43069312377466 -4.59971856782262
19.7297950083973 17.3048041513039
-9.16321495059253 -7.68731614147183
13.3291458478357 14.0390647991576
-1.53676876442875 -4.77560764759836
8.52332202557168 -12.1349564547444
5.02762166439748 7.01697163807378
6.18518819476199 8.65387489979535
13.6611232635564 25.3320473698631
5.60679691473674 7.50580518763173
5.89805745056829 6.30485070809283
16.3143395791285 17.6493066064761
6.86130474196781 7.72083512104202
5.74658672870687 6.45914626651913
7.49702071784952 -12.7753957403875
20.6190922641029 17.0009072980979
6.14518137545686 8.23616381107446
20.4005147147453 17.1770320483026
-14.0375575404727 0.905219146444459
-3.13213257523569 -9.01606387753869
17.6343184098448 18.0757969550178
5.75692969236668 6.12303385412862
13.9560054326209 -11.300081290082
-6.09050612606199 -9.50037931205427
18.4071606092965 18.2862891634983
6.04851234351814 8.17799038709773
-12.6477893620832 -8.53520077880239
-7.94844551490158 -5.75651025070279
6.45516444951937 5.59592475575107
-10.1410735530406 -5.80879712878546
4.68520043866306 -11.7651637156087
16.7121404292844 10.8997628107555
-7.21425726371457 -3.49686407139515
10.6052895747061 7.92585875341697
-12.7639452793995 -9.99252005206744
15.162195312092 17.4086144440249
-6.31047068304261 -3.36500728410434
12.1549325879747 -10.840571729308
-3.47770296404244 -9.4756618087494
-6.9512408815024 -5.5987604669292
14.2127522306057 -10.2227135701952
13.0130962080713 -6.49754886763613
7.02264159826692 5.33692189193005
-5.7825153779881 -7.16046947866815
26.1584800507862 13.2194138753279
9.49371464362084 -9.0771841247376
22.5342500639436 14.8309867335549
5.75432698415858 6.2201793520947
11.6201532149443 -14.2236618466493
19.5652937242486 30.7125382956251
8.89010387970023 -10.2588213081138
5.18162775296196 3.73760091570602
6.35194625311727 5.90940309211925
-5.65486305584467 -6.63017495049528
16.7718592450017 15.3757565702691
5.62627956288805 4.38048449124342
-5.81499276819863 -8.28534431313379
6.79445055589799 5.86198710301682
10.4766356575323 -7.68427557464001
6.83691862331748 7.5454738882678
-6.4438573236379 -2.50491154763623
5.72631676961671 5.9823727022143
4.55896651308384 8.9346854196513
8.91474091643732 -7.42445716346171
7.75326992390416 6.15927262788524
7.56522814306427 6.21419042676619
18.1418792280912 20.3777651193357
-6.17014501947333 -5.14563919993264
14.4660332391523 17.5341774345895
12.9667660033555 -10.7158187084557
5.77001875618946 5.78009826259086
6.5468136914833 3.42804109804476
6.90060729262855 3.7588881203142
4.66503001029562 6.32563037179021
16.3368005294478 21.0929981344954
15.8329645503831 13.8925615386384
23.8327331342232 25.7473790426916
7.51279845550324 -11.3528756123606
15.3479720897713 12.7488114120265
-2.46094661066874 -4.13888588621902
17.9386005297336 23.318732346248
-6.53683137945422 -5.37076271974439
6.59363998330212 5.53499637388272
12.7478122186342 -9.28997773445847
16.4462490275813 17.1358240606548
8.13029867542248 8.71589599431402
6.44666008862176 3.30796530897871
4.74907042687308 4.88894158333521
11.920121881269 -10.4088538992523
7.04148298660184 6.39409455667149
17.6745137675016 23.8416142890798
-7.64641517401469 -7.058349158565
7.29895615661805 -11.2777702267613
13.7834259451392 -11.3750248093724
11.5743276111141 -8.68203114682174
23.0603378578865 15.503534054917
-4.68116557780557 -2.73707771413644
14.988440861929 -8.33589617265535
-7.00607650023935 -4.68393046898487
-6.30118164155622 -8.08972523590914
11.5717827946976 -10.1643027685944
8.25154718165226 -11.489919733978
12.515079622392 -11.5804865046103
14.8330549658832 -8.50904918022611
5.06363227211777 7.60926308336417
3.25543643660491 3.49399616534134
-5.43826322674244 -7.65598382434596
12.7016856307208 -8.62309010801015
13.1909996403112 -7.12961678223342
17.870231502952 17.3759592429221
10.3954449267344 -5.12463404772447
9.76918658749275 -10.4294874094671
19.3256150903106 10.3765386823664
21.0443279010883 14.8542072337275
4.38194289486893 8.94892437887001
21.5115505366814 17.1370098899809
10.5637757843675 -10.8797680196281
12.2577874821989 -10.1691210146782
-3.50552411229379 -3.40657952922419
-5.77484659764937 -9.07571516436948
8.34646624108557 7.69033291473615
5.86445729485714 7.27115236918895
6.66273650311847 6.71171283738334
20.7998336184868 22.1404194851474
-4.112720360607 -6.21862494367077
21.8460611417284 20.2244427661366
9.559298830773 -9.36550211496439
14.4847113103319 -9.38535335008259
5.83622885174083 4.24970580326188
-6.6197563671347 -4.53499216701083
8.07355452304711 -9.77855296256647
19.125392390507 -6.45202895419052
-6.29370874208819 -8.33842626641975
17.6006811103738 13.3623302880874
-6.6066386384958 -6.25638810106138
9.4349444564127 -13.2798839062574
-10.3980229122345 -9.14016788325969
22.3225006618003 17.3644883394155
5.83073527047622 -12.4760371375498
-3.93783459377585 -3.93658497174655
-3.03668954043432 -5.38509224324863
-5.89975187240998 -5.75725053136766
5.22055183366195 5.19557739456919
-4.85570396377743 -9.37303811803383
-6.36663548434355 -8.86342999910709
4.41373359784195 6.2215393982296
7.08147150462473 -9.08047254411114
21.2923557103675 20.1109188258058
6.43299944000782 9.1086594763519
7.83665802077387 -11.963588909489
3.71690899618915 8.74225367012677
5.34900045621337 -11.1497920603434
15.0814312177559 18.9988917538056
7.1914269044314 3.96068733267545
21.268140845874 25.8764192009771
19.0478938891868 16.0684461047302
-8.21701595166318 -4.06813308358559
-5.77729799006116 -7.12746022320952
13.6242767237091 -14.1473106828014
-6.4707546644695 -7.4475741557734
6.5080051891413 -12.3352320650164
5.78629436981757 6.83400613023926
18.7325200102848 18.9734577502364
4.23762837308949 -13.4548233293486
-5.55398490888408 -6.36826259489165
20.015838127423 21.4594348265296
-3.3629227585563 -5.59749417168774
10.1674504652055 -10.4078943005951
6.93697040542325 4.39086966164748
4.99391823613929 0.626339805955985
-1.56907009315308 -7.4265986487575
7.44197390911447 6.219536446028
-8.96337116660964 -3.46353947491261
5.31889839051974 4.95851341800766
7.92634597791396 5.14335452983095
6.69949304765929 -7.48079242880819
-4.57079775460452 -7.86581916308945
-4.76322097249818 -3.76251428003117
7.78475228313644 6.90973962810675
20.0594287881651 20.9246378783182
9.24075550783472 6.67643997541026
5.69746045048072 -12.6707786311379
14.9654372037357 9.2093527862737
8.17510460119708 3.1715400454794
7.42169683182104 6.9512258475797
4.30874406947175 -9.94561819934222
16.4608850367334 19.1999256823234
19.6755070925394 17.5925482200788
-7.70107551300037 -5.60741294666332
-2.09487832615481 -3.36488324771074
-3.90051449646038 -6.28546871480782
-9.03839910508875 -3.49397921553144
6.54989243954335 8.21272162110329
-13.4480668579074 -9.26047606668423
9.09802246246889 5.80906507402029
11.3277364907924 -11.5239582752219
5.20776620481315 -12.108935485166
8.76195055046785 -13.2709339140703
5.9349294652551 4.60650691518763
-8.35681599054471 -4.78854483531405
21.9648264883174 20.8863234071082
6.97961875941254 4.49692766045981
6.87994998989764 6.62490321673334
-7.52875508129392 -6.77819338155397
6.99503084401259 1.77201726183396
-5.3930242749749 -1.73178839561048
7.08703019384192 5.94797203295172
17.7225225899974 18.130620355859
0.066210570443971 -10.433885950277
6.97058707969423 5.15888140795054
8.28186650991733 -9.9343716167081
16.6959980093695 22.3306599306506
17.7795020815734 18.6090205807972
8.73915555682227 -15.2123600699756
11.8506196268852 -12.1536679344528
9.24881809323264 -12.8774028634142
0.649829076705615 -4.93396737432156
-5.93137619355058 -5.9546827392674
9.04235302155927 -14.3168690555899
-5.43158066429704 -4.71038974409958
14.8662068620882 -9.05074287787935
24.2108616187609 14.591574050574
7.26398132386116 7.84491656290798
22.0489762149036 18.8421933219575
19.4443110617358 13.9810616385359
15.2595611854517 13.7145123886822
-4.66730972028753 -9.6832340883056
-9.44961439007661 -3.75555371730272
11.7714033948202 -12.6423633762134
14.3609282116736 -11.750854893788
7.90661826231906 5.93872507700249
21.6017458296213 12.4268610589631
7.06766945255912 6.15827164088076
8.68993668570345 5.17069414565438
-5.7337771707039 -9.40565794344368
13.3167400878377 -8.74123552615337
-5.70129392601166 -7.79994594165819
6.80575485343582 2.86386198490521
-10.9332763368049 -5.24967098251145
3.90029452946084 -9.79291680059459
-5.14063689073128 -8.69676979042057
11.1559580891249 -13.6781665532306
6.58910927220797 6.246677282561
12.2473256690001 -9.13798305043812
5.54454834983278 7.4788417015012
13.5838419890524 -8.06577719602339
-6.85237984671331 -6.09010163913127
8.0575644082457 6.53337352911494
-7.15860353905193 -3.74070932139918
-6.037520560996 -9.07284089050942
6.12759041376941 6.02947807714992
-6.45381961647359 -6.49454118517384
8.39594697221596 8.93484081362898
22.6293491633886 19.6164099027195
-4.89331610918772 -5.01127992321994
-1.85812198514287 -3.35568807551024
5.14872317820873 7.98523791657981
7.18057638913893 5.35626007252845
8.66516406618987 -12.6575304502619
4.45284566761105 -10.4150421321928
5.2987591649875 2.60081890531695
8.80341344726232 3.34364136634004
6.93613603003536 5.01311332478992
19.7454768943112 -7.85749732303442
-10.7889090572041 -3.41384151636485
9.76212067416053 -13.4023708366141
23.4043754332649 15.4724228503333
15.7181823054089 23.3169112903856
7.79228277052714 -7.96960752200417
-5.92620948834712 -4.44238736648233
-3.52130122238863 -4.00598467510823
-9.18498073920505 -9.3213108553016
-4.01216474269591 -3.47505541045351
-5.38575804054861 -7.23443489385733
17.1101778881547 14.437657338075
4.23500428793174 3.21490816850746
8.22142203815673 -7.23082604380837
12.5846644016598 -14.3341644487705
23.2250848060895 20.8005497362727
4.99894421442626 4.23770585877449
6.77270817860614 3.80977920666662
-7.20562944553806 -6.47265694382042
9.39364824719786 5.58574386415191
8.05505422607395 6.06520652085005
7.3022662629504 5.2856813875443
18.1763169683964 8.88196259202763
-7.47156640150632 -8.85362503392262
16.4878449295324 17.1765308360318
22.989670890644 20.4973645221458
12.0669837043252 -10.9343275072158
6.82675068326837 5.37045365278066
5.17718110651466 6.24647271642482
16.7374321511588 15.2308409626592
12.2394987388439 -10.9766415685002
14.4125005284389 -11.4895674233069
16.2923830456052 16.4309209835832
-7.13210458298256 -3.83756531453268
5.20340161255238 7.18971264325433
-6.70572564084572 -8.55594418361651
-5.74463712852047 -5.53971669212196
14.7283910558912 -9.89663937238443
6.88558358034345 -10.9851496309696
19.0192789676509 19.1092145658012
10.7944349857478 -10.55081391631
8.81222267828764 -11.1990207493348
5.24014349905679 -13.7688302530348
-2.90532843190223 -6.60023651386861
12.0191607244905 -11.3445412084343
-7.23583627558337 -12.4494213723302
12.4193114454654 -8.44867849768329
-9.67955152992142 -7.23497249915218
-11.2381181456347 -4.99064177940549
5.00909660235777 7.45197706068649
8.64885939693248 11.2118373476301
5.90608681229909 3.19754375690367
3.60059302230465 3.82868445747985
20.3360685437513 17.4390941653771
6.09642597802404 -12.5301312993353
13.4151504816453 -10.2259668544126
14.6770038056528 -16.9327944799802
16.2333363030471 13.271946305525
-1.0527447758002 -6.13051026898003
11.8411478636113 -10.1298143381485
16.8374390119879 12.7489529004321
-6.8114985271902 -7.86269731760825
18.2955867368751 16.262146869029
17.1056799483589 21.396228081287
10.7123319511135 -9.70517543517679
18.9949261451671 13.0081982783004
6.56770158007645 10.5332235249354
7.36037513843005 5.19009056234386
5.99951804182832 5.01633835195211
-6.17207964903422 -6.92111493024848
8.51652001732827 -10.1083912873593
-5.51990560390013 -2.94703313381122
17.2129417288983 12.256442862632
11.923323956848 -15.9198442500115
-7.8824146022277 -10.6598603207039
7.19417767063642 8.1739613290269
20.8492525294723 17.7305720676645
-6.00514401239173 -10.7954658928601
-3.57043871114115 -4.82675140653266
11.8129926997385 -10.0584462482895
16.6882231887539 18.4927871078912
6.01759175699448 7.39897725922136
22.74412603447 15.7833590001414
-8.46818336458077 -4.60939805278853
-6.8824893337714 -6.62513782506935
6.73624806970804 6.08919496273672
10.0249148949121 -11.830755385484
-10.7713669984762 -5.70517751348315
11.9832260442234 -10.982386174906
16.2670284316792 -11.5963089735994
3.95208216192242 2.05799595978467
-8.59067880541704 -6.02628879550014
-3.15769666192797 -3.9108570035762
-9.07670290849277 -7.01207045016442
11.5654594005856 -9.58786938523002
6.30534434381148 9.2168663073461
19.6691907183741 21.320615045407
10.1510596373455 -10.9741195320277
-5.13566003709614 -5.91683860181299
-11.749086574037 -4.22147698139919
5.42073202052785 1.96924859096646
6.11387629113045 5.62312353049298
8.43067049942274 6.31055321281778
5.26612252630913 4.06950338623177
7.85572764150284 -9.48250484952567
-5.99132008372026 -5.20513085862946
-8.44363423554306 -11.7070887315384
9.84104553293596 -11.508868820684
21.9683978615573 19.0477900643572
-7.61912676483865 -2.57091663343163
5.17927006700835 6.99163079596692
19.9621794301691 15.2580645151055
16.717503943045 7.95489653999455
-3.20978547029995 -4.48819715778416
22.1248238635811 24.2948227148607
-1.5244475600631 -7.31346296171524
20.6201396113017 25.9096822723069
10.7109352322702 -9.21293220119532
10.3641525062039 -11.9710228014127
19.374417010111 23.1111552716481
18.4867644605694 18.4720533215502
-11.2364931470605 -3.21052166475451
13.4433767159467 -7.43195001113982
-9.99477948752738 -3.21433178795046
5.89397173751753 7.74130520803661
21.2955211790253 13.4681315146171
-4.69262470008386 -5.96858611717368
19.4975354477396 16.3433846665883
6.94304241694707 5.48324491677699
-8.22746869665987 -7.58839764772212
10.9566674442977 -10.9186884443138
19.3758723715528 27.468055537442
13.2491618750872 -10.5076567181958
4.93675354558511 5.57578303836378
15.3696716897547 16.6354847465327
8.06110316068317 -11.5280892731377
8.51130720926747 9.03804338267803
11.4104809641855 -7.27571165846321
-6.16131009554565 -8.8365314728615
18.7143270883645 18.3262257524591
-8.10161595712566 -9.43826327009408
-7.19878255219513 -4.08438146324136
-5.72115817653176 -8.1691284982242
6.2430115716017 5.56124773120457
11.7435788669792 -13.2021225454104
-4.55864452124693 -1.91646379884808
5.29019038771728 6.25552529752413
-6.09593693803914 -4.80564924297425
-7.917223214244 -4.39587644236298
13.7559120064862 13.1502473684454
6.48139638513115 6.59276387220826
5.65374022711935 3.93608280233111
13.5023010878906 -7.97180361385201
7.87616551629313 7.08294812909082
6.41385037573091 6.47307796152142
-6.03992158271797 -6.97232078522435
5.89137615450744 6.95927292090582
10.6577877221859 -13.5228234870288
11.365786432495 -2.3687886835011
16.3318050087379 -8.51022719473453
19.942231942106 17.4141454569229
18.8746227686679 28.1019307573182
9.76963855263065 -10.5569039351089
6.63770569968595 5.96292352193776
9.25079993674446 6.16902984944322
5.62556139014044 7.36171606840685
11.2059745896901 -10.1804075438379
9.56608277359946 -10.9766816258507
8.45401190616184 -14.1320855042658
-7.49561301531125 -8.88918611317627
3.58419277051806 -15.8882720746488
9.80141737797918 -10.6010565660498
16.0147730198028 9.26012433436144
7.21220013748955 7.12042120424433
-6.09197754018708 -8.43216967555424
7.71137045482189 -9.3293752004601
4.10328203379387 5.42854346018577
-5.88853492906174 -5.10089492592197
14.7514366647715 13.7363489982036
22.1851650666277 22.3153057876958
6.48076592009013 -9.69585429681324
7.74628533067948 4.05877897778154
-5.2111756435596 -6.45938510198979
-2.48315893718345 -6.39174817612879
21.4086282355012 30.3889045399146
13.1231078697187 -7.14544675299614
6.11912660443466 4.69264263857124
4.79573551921986 4.72530919523877
19.2267668721726 -11.9093080484903
7.62762100696606 4.69387427265358
4.49136458466323 5.66719142294076
11.4494832860209 -11.6671328417835
17.6701305898457 19.3753445155317
15.9468685941565 16.8536463242188
5.77458488355247 8.9686359850899
-9.70691062939493 -6.40230581121294
8.90734531733053 -14.5012712944027
6.43814290670468 5.29332491419588
6.68446521302969 8.01318988362289
5.97689145518321 6.35639875400078
4.52534359192205 6.17981057503155
6.31574701658412 8.55417059821233
10.9566299140875 -11.3819283323574
9.39188117546953 -9.45536632709674
4.55819930961769 6.13152981154823
5.20056196581895 -10.3295966814293
6.52329264086181 4.7781079026282
-7.47894096239667 -7.40559621789289
10.5682402607083 -13.5688565590694
5.96211622582728 6.19662530448586
7.42568696696189 4.26403426815262
19.383825040063 24.9510993686881
23.6930633896094 26.5819487276756
6.80570812077952 7.29616694143452
6.15821288393413 -7.37936357980072
-8.71911845020747 -4.15632105664829
-8.74384645673323 -10.4098092988355
-6.7064987373938 -6.28761449393576
15.8150154161332 -9.5551070452416
7.75858768788919 7.75625739223817
6.9291310787579 7.75082245108022
9.40671621164957 -16.7983172387793
-5.67627539832692 -4.31629432125607
7.67679570271863 -11.1488804464733
13.5029064655801 21.7111663610268
10.7011945896866 -10.0905947521081
10.7560114237872 -8.88308702890228
8.89959405000239 -7.39611477137337
8.41441956409763 4.78315757720595
6.32408213085173 3.52765447560535
14.7869451744704 23.3387046597594
4.87753266358129 6.93651906096989
6.71286688239538 4.03585770170706
21.8419292173724 26.7691124732652
8.76885351934692 -10.7837628165228
20.9673729841044 18.6309280168914
-5.01041372185678 -5.66662462303989
12.6913775685826 -6.85705695489255
17.2343990516617 18.52302604469
-7.30878951886523 -4.78142907964421
5.10126913293662 6.12434193281858
16.9425828822781 25.8735463816872
13.1653474236549 -9.74499458551546
-7.09239525453384 -8.54017350658648
16.4938489881498 16.8011286066759
5.36231580503549 2.62699109685251
6.59992413716728 3.77447666100963
-2.44718116113333 -9.8059689186886
12.0904837581922 -8.21617729873152
-1.91055239745009 -5.9219472142255
-6.2827368464115 -8.88813317814952
11.9067267863768 -6.67634282481433
-7.05518078970166 -8.08803449011741
6.21473085024991 7.79054742551759
4.4984857537404 7.101211544496
-6.40289335777835 -8.62974105218568
-5.18131462721158 -7.3582509126065
20.4502066350548 14.9089332683732
-7.88490721575718 -5.75709454663958
11.2187943541959 -13.2777828532112
-7.81635836006418 -2.83781664810349
17.1755033723582 24.040461357703
16.1639872645926 24.0329563425146
-7.80228618898846 -4.88613589237117
-1.2812610308983 -6.44638782155739
5.78486282125422 6.19042198485734
-7.70271960639758 -7.36540881121453
11.5349973785918 -9.01527214826358
-1.96723221177287 -0.884826351351501
-10.8164164417531 -7.88270475167318
-6.49591168885735 -6.86825161695616
7.59997618662552 4.27693659498138
17.024995826455 16.7769451627859
-6.17912004234067 -9.64357794542619
-5.64692303832193 -4.48208071159075
9.75458373650724 -8.85369063849339
4.54964315844421 2.56478851948692
13.8562664463266 -11.0838722417345
22.2925472050191 21.531650424036
9.84593669167691 -9.6729478342972
9.1950130326111 5.37374092018914
17.6255778906635 23.0118742981213
10.1843179249934 -14.2834278476998
5.82679109537036 8.03611874112614
6.91478787250036 6.68952076393571
-8.75325602437565 -2.49881755787481
7.11113598449414 4.64842129352073
-3.95472362489655 -3.73070003617632
16.3970782256432 20.4522046073782
4.63036421906908 8.09962323335714
18.5778986774372 17.7118805908699
0.916313672218289 -10.8609646545316
-10.3484781334878 -2.05540170724701
20.5191127301192 16.4466939215046
5.58919556457376 7.97139638726055
18.4706341814498 19.3545734758776
8.06340846189221 7.79178931392799
-9.29260375196948 -4.81068062765507
21.1672247137755 20.3265535965165
6.86084027246588 4.76013156026081
20.8207061482144 19.0251862912406
-7.61968880009164 -5.15504539644215
0.313944506772077 -7.88905239786202
7.23879974225334 4.55643179044229
12.767790277735 -8.88299396416976
-9.89314821784461 -7.50632580518825
21.1901798230065 23.410080940168
-7.81826022879253 -6.08767211059314
7.34707712474978 -9.59155770527527
-5.63279671717505 -9.79995468096752
22.5354388274078 27.4253706084347
-4.79091414188817 -6.76948370601238
15.7387625263023 -10.1020017020687
21.0049251867327 13.1973048457178
5.52651503094995 -13.4969757892951
6.14695205907627 2.34825499059749
11.4213952577519 -10.8072174307822
19.6112099084455 23.4780886795508
7.05018857348383 -11.00308330296
7.66491984392838 -14.2664427555811
17.0715551831423 13.8562946712556
6.55492037945776 8.25233967581403
14.9252490091799 9.79932518972765
-7.10021977725732 -4.70128988678991
7.65142584574179 6.13852809928727
-5.16066362450549 -6.98466370780596
21.7889032361273 11.1295801931422
-6.37618561784863 -11.822604838633
5.49633884804714 9.13393820187897
-8.52674726983215 -7.60869061751763
-3.63151897822215 -1.18839024323545
-8.49500457594912 -6.58982743518753
15.5778584896915 -8.82309547051477
7.47797356498009 7.176090580481
9.66530402702607 -10.6198157498719
7.66590575763368 6.85296413365741
7.18881849085097 5.40177413874723
26.218112185733 21.2187196896675
12.3430825465232 -14.4483123474115
4.01021306580419 8.07060028824037
-4.78533479159922 -7.2236441694353
7.18004116696433 5.0511987501187
7.37430252157453 -12.907277577134
14.5315106357382 -9.96629028949543
6.92583413186083 6.6968430655736
21.3989631995493 14.5027961514875
15.986879205988 27.5362883276418
5.62543041448113 4.01011564842913
22.4443440758569 20.9859607500951
13.1353864898805 -10.9604004612932
9.91516127083436 -10.021545049049
-6.80885956433841 -3.56517829844329
5.65275982942884 4.48377165099725
8.64252729442789 -12.1685397246842
15.6029144542722 19.8193347522165
6.04065381926296 9.52384358156534
22.5364714056501 17.8229510814381
5.78256135489331 7.71786135302322
14.9789395659979 20.2579755031814
12.630128739659 10.1367459520148
-8.86796365804209 -6.32019958876512
7.24507671645586 -11.4188422806675
3.69471987136935 7.46088847257699
6.72575740589921 5.5289047444819
-8.05624754021075 -2.32188958699453
15.2885624111942 -7.67926877024136
22.0897445356377 23.7348856092788
19.9155345414662 17.5935568252764
10.2976812618372 -11.4369511826076
6.26450598601365 5.61490963459254
-6.6363082033944 -5.05931987117133
16.5153098383915 22.2129595706656
6.03415576814695 5.7904020749912
-3.09034212301885 -5.98362086830996
15.381579260282 18.2740872298635
7.00412980753037 -13.5656144169435
12.3052970115937 -12.8030860225906
6.35525613316529 -13.4834436872791
-6.83383084485493 -6.18289392012229
5.37626179344409 4.58564445859634
22.4141741987459 21.2440848748354
18.8154847231533 19.0950036087053
7.3772726040545 5.88969928302849
20.7860146636673 13.1509097291704
14.1936756065328 -10.2127414827024
6.18819159297796 5.72814216271995
-7.55910358861088 -3.45122028281422
-9.50462334664839 -4.66264121988991
7.5923225889622 7.01718592355165
-8.32384012223738 -2.92823344166439
6.47396335703451 4.98905268854573
6.11941357388427 7.86215949111599
9.15593502057979 -9.66280657584504
22.8032058477733 15.845825659229
5.44335330737333 4.74398242123366
-3.68086222306919 -4.47188752916802
5.86792464620282 7.81376407330337
6.37814683507115 -6.99437230848789
5.97743813199373 5.19505855462546
8.36145910001046 -10.4949425433816
11.9143925750934 -7.97943539068562
14.6404068701238 -9.05809928223794
14.829799976111 -8.92825977586701
21.1529763685611 15.4794049793187
5.71909671828805 8.94149203474411
14.8923596356921 -8.94262428722086
14.8011716204307 18.1795824830588
-2.07644914829166 -6.87795004230522
6.40744403725167 6.26773395158049
4.91227741613016 4.90014025820919
6.30240044191813 4.86859187067406
5.86690864287873 5.4195270826179
11.0286273982263 -11.9504340367608
9.68959934768714 -15.270225447455
-7.20585656148156 -8.75578737800501
11.9851753537544 -11.6760528368947
15.8380574966602 -11.7638442548542
11.9298336604563 -16.4793263082394
-9.189816869269 -10.7813199784552
13.7258170282274 16.8584338364883
15.6667370723909 20.1531250471091
6.67706619063131 -9.54748430143472
13.0950789760821 -10.6111163885568
5.47687432944447 5.03309333298209
9.35453797727901 -8.05738626999666
6.08874761190872 1.92187737632611
-10.7361836311863 -3.54360432126618
-9.39109531217933 -5.63074278111882
-4.73835396091917 -7.77716524168182
7.07966601384151 8.81181209396863
7.14681196017853 4.60441985656614
6.82855661238469 7.80249189344669
12.7262436180764 -12.6787284900728
-3.5522912391051 -6.02008303409642
27.9360405762088 21.4053071429768
16.2618600153876 4.6022091525866
10.2673400842343 -9.74709657716836
6.72477137708389 7.00532442858018
-8.4250067726016 -6.5570022356402
5.84159906565398 6.42578474827851
5.50115852541695 1.56818264394714
4.29296056643721 8.67532877853256
9.96189205255608 -8.91035973594321
13.9645904569038 -12.5871755237224
-3.67062162899824 -3.05199005965194
-5.59439936906559 -5.02357112367224
17.2024245663091 14.0339947758938
12.5176505852564 -11.4625948670788
22.6209962231756 16.4644208073066
16.9033039669669 11.4916738206946
12.2922801123141 -13.9063671284477
20.5032116336253 26.0037326548159
6.00681426318004 -11.8628967715976
8.55965805467094 -12.9063820107138
20.470576834328 19.8175598231725
12.5580718627899 -8.94521520826914
-4.47637484424476 -1.52846778922172
19.7887155627413 16.3376075764194
21.8920722077527 19.7365423903958
-11.885327426108 -8.10534063081504
6.07288849470943 4.66499997081611
6.68383350054917 4.5685547316225
22.1766782439276 24.6762113816642
11.3492382525306 -14.3075536000919
5.4859951080349 6.66677808552498
6.50224426782739 6.78264975483411
7.0359961654763 5.38721647296674
3.38630473758072 5.07289698953395
-7.02382549042758 -5.17816311499897
6.60623118428204 6.88540718028107
15.0510557486764 13.6728706836698
5.38021498373062 6.1424392829558
-4.78452075160199 -2.67146806807507
14.9242299959174 13.8320508307484
4.35561485550423 7.38770931429347
5.54474513722904 6.08893063655021
-4.62366537210909 -6.02706332350193
11.1505563514545 -10.1822045267447
-3.92426519197766 -3.7028412664553
8.61386390322706 -8.13073788861787
-12.2407340667804 -3.72328528213287
19.5610269170694 20.4937208229753
18.1773328329798 31.7123979671639
8.76027851091698 -9.93322430776958
5.83490049508636 5.74248107417322
14.933922562878 -13.5664380304558
13.0865809197849 22.9689746258229
7.43643481214056 6.97240837201723
-0.516591834113413 -2.7767241375322
6.31304528735926 8.15581466909516
21.0539833505938 22.0372056013996
9.9063604856738 -10.7090556911599
8.88962590718666 3.62549993329986
-2.71462126485176 -10.019306991769
13.9270409292352 -10.0351714081588
0.750052514979347 -5.64240123249167
14.8900057750155 18.7659245980321
6.91191249831064 4.70004470490865
5.7787320286987 4.57882882283926
10.9658166620398 -10.2382733135124
6.46919903473559 4.35202860909895
6.01390459985102 5.10117506883927
-4.75084768495596 -6.83991068841631
17.150101612401 20.6970511311147
21.8298177927976 26.5380193314072
6.2496020718476 -14.486174748438
6.63847938690869 7.56055292303462
-2.46627904561818 -4.99257218099966
12.6818408447488 -10.5239283095625
18.9768453576111 19.6176826870206
12.5689280885366 -9.56743963126161
21.2373596482868 25.6980806195409
13.3648588780411 -12.0872337125741
9.51579365806459 -10.905742671218
-7.18346101481946 -1.66148510593201
-6.86426008708503 -7.98713871563676
-6.2849740677173 -11.3946602103768
4.64636339887157 6.1330839719283
-4.30114228596314 -9.47510079586433
-9.27920673366023 -4.34091997761832
17.9147674987345 15.5527870511264
21.0768360876091 17.1436235742759
-6.82067283731136 -12.2392516335694
-3.77196172726216 -6.33446414815862
20.0621058098743 21.688108052781
-10.4969778114681 -6.69896306433737
-3.53743972361036 -8.4361954814996
6.41053636893924 5.36942834347853
6.24626955684139 4.81135569751391
11.237570426155 -13.6114942840887
-3.59133252388485 -7.05410109665778
-7.15119411767685 -11.0550987355406
7.97872501509031 5.90520765894417
5.29430084720371 8.20890173799108
13.0954264404144 -8.9951168449525
20.6574713835263 22.1884462033826
-8.47123650656627 -7.04865868949823
7.38191049804068 5.79598429292478
3.14393313944435 -7.76350364448272
-10.1938560846619 -2.91703511505565
14.3757605508749 -10.1955544567327
5.14611340319059 -12.0905609346511
4.7563823642623 -7.23135288265011
11.0444130310983 -10.2814674135105
14.0755830454594 6.75701399924966
5.66786500951424 5.08125725816481
6.45870478710678 6.26636275558166
12.3408059655522 -10.6175247542059
7.72160586201312 -12.3888373063683
-2.63760037916467 -2.49326759406356
22.3291007598705 22.3761377169467
7.81989313464015 3.73594836516677
19.4944126858545 18.1569131236788
19.6760226183058 17.7693924681647
8.18165295199377 -15.1482169559401
21.8740567565301 18.494297186019
4.68879839304697 6.15743244316339
-3.95988514209127 -4.32921935494134
6.20386601263973 6.35801328247709
-6.3767899885285 -3.62579851325049
-3.86038175200701 -4.93821840054385
-3.83704264340835 -7.11075368327153
5.49402892932083 5.09131129074458
6.2877898045898 7.73879127666373
-6.23928530630431 -10.1588114734212
-6.59301820739118 -5.18992410397626
6.55467565159204 6.93281186690687
5.71467200511827 7.7305105710757
8.96375048492198 -12.5862576496848
-6.46217648061268 -8.90023462067972
-7.88577143265772 -7.5521103192238
-2.25525219400497 -6.42022273488864
-6.28483590237802 -8.76939257643827
-0.520034802311308 -9.09484004665598
9.80918235042553 -8.59152184610129
8.32950282270955 -10.1279779994421
15.789253352838 -8.03820520753461
-8.70974520555462 -7.0446660825369
6.87317785413916 5.12415121733957
18.5237342599609 19.4456190520664
12.1680721860386 -9.50267429055121
-8.48618875809596 -1.90920930130193
-6.88923798186824 -3.41728326890639
14.009788257535 -7.76718706364708
-6.26645928562795 -9.13739474657725
24.6460758530164 14.5070696631277
8.38183367667473 -10.8156919206329
9.93666071326933 -8.81626842574093
19.3288913359281 23.2284779776451
13.984981917568 -7.17795755162746
4.69381726158902 4.7419131889544
5.79978031642172 7.14206321867774
10.1396445530272 -10.0856731917785
-7.8100988824556 -8.52556738574183
16.3449453289517 8.67896630253816
-6.26974960410522 -2.08872902736024
7.03751368358749 -9.65627705804117
5.91064048241398 -13.3955071235045
6.85617272709035 3.8378489853582
17.8157906508851 12.3097725281931
5.04617888536973 4.54516073285732
6.48741295699283 -9.32086633292661
-5.63241164396967 -7.97299880043201
16.9251850191334 -12.9317456369635
5.55102626017116 8.862816661229
4.93264173251936 3.57821766950337
-3.46230822338531 -3.25325604566605
4.46064929283173 4.04762256491238
6.13039527795711 3.43104929597163
4.70598152796494 2.81417408267023
-6.88007712585956 -8.99237718456584
11.2542933625995 -10.5512283736294
-6.64315386473859 -8.14284069625784
-8.10033502816018 -4.23099988803763
15.0584299872765 20.9384660510386
7.74222982735691 8.84493348716675
5.19540491351661 7.2539793589319
7.16578119954774 9.42676251765346
-5.94920042475978 -4.2883908564793
-8.9957951401834 -3.24291122148362
-4.69258153044223 -7.65758117412041
20.3600949129869 10.4778167622384
13.8769551346104 23.6238519825751
-7.64391740573912 -6.52402435073003
7.8902593134504 5.60046839947305
23.3020729205385 24.9533040271295
5.3697910871851 6.08794513191266
11.6670988531242 -11.5728153684436
19.5960001355982 20.4321657985942
4.8902383108521 6.36773311984147
22.9003824918559 24.7279118679001
23.1538023422927 15.0066829460086
14.0978963074964 -11.5803661075582
3.23738678062245 8.91519202894935
23.5388794913124 23.7663222859536
6.84421077576729 4.66619812507245
4.29710219503313 -15.7259854706857
8.52608206917721 6.74817328980431
7.59066133094221 5.11172402099898
-2.21529164585606 -6.0991692060375
6.26559644418338 7.35111647501984
6.55932322347265 -12.3062386445975
-9.18235939065386 -6.37060052776086
17.5639155208796 11.8001178497213
6.40880008991883 7.09039783087589
9.95205777629434 -6.18536991737163
11.110965084145 -12.9366410826289
6.09168151745507 4.6165129357901
-3.86175146383779 -10.398047471482
-5.22624955693089 -2.70699357411268
6.5911347566915 7.06544980954464
6.57796895381179 6.63287371291877
6.39654418814143 5.48477748600787
7.5667528270472 5.91512308325979
18.5981828407817 24.9049884524224
14.6145679317669 -7.2583757941353
5.16175661172787 6.51040100402974
7.99360884624227 -10.8801201740804
-3.95067088251101 -6.07888976858854
-11.7678986599496 -8.35018426928414
17.8300223178048 27.0008867860477
10.0283391438656 -8.85113542363568
-5.04668983787975 -11.1946129718217
11.6596615170413 -13.5371559649784
23.2057007860538 15.8955020017251
5.06606000028378 5.67225005484018
-7.46069251657329 -7.14192140084908
-4.38223193148917 -2.98215808314334
20.8159671076033 21.2080089208899
5.12756915225611 4.81717611625212
8.19024605708109 -15.2083321173471
14.1784993337213 22.2084781762756
11.7212361147323 -11.6446145690491
8.10744858013397 8.28936182813321
-4.04666556132624 -6.39295232463116
21.9313728054634 20.1910636572757
22.4614029808608 21.6918810230085
7.94808782580454 7.68962792726854
9.23640406384281 -9.07404691241621
-11.414488363812 -6.68057060749511
6.22824551257774 7.02041281278147
9.82718588713983 -11.7330300598145
20.4185511178023 25.9034378408071
16.430726028314 17.0353311922953
14.807936954446 -9.15570619837493
5.60436946561629 4.75045880057971
11.3150190475117 -9.88086151031847
5.32878409275864 3.88339328608565
-1.33315148326602 -7.73280363432963
17.8804048764417 23.2787865145699
9.06396811907069 -9.06930169914935
6.62632635103828 7.4358649344342
-3.92548659267751 -4.29806906232384
6.68108362621578 -12.5654121769194
21.0054513852162 24.2652962750043
9.68808884591967 8.29475979316492
18.4420895600304 24.1041015953496
8.71356130075831 4.09743070820847
-7.3348485016029 -7.52589815271684
6.47297964323775 4.72208152761051
15.1662195802572 17.6737064598124
5.53581033623849 5.44833108663289
6.37921070495176 3.85076885463137
5.55129979546374 5.43045875107124
-4.61036298419221 -4.28753784188175
10.6512260970136 -11.4117111306697
-1.5038673533664 -3.39611413700378
13.2053509886172 -12.4261547856221
-10.8442105821485 -7.49478083905088
17.8726112676998 9.50454195749888
4.52799327503344 7.22275715405156
5.12513382340155 8.13555148956435
14.0778516829886 18.0463676819969
9.00412201875293 -10.9026008431748
7.08894241550051 9.88408351542694
16.2703559023374 26.2162904480314
-6.68459567542123 -5.96646242184532
17.1420455611749 13.2768346101705
-8.82469999592721 -6.5845355455896
12.0006902603785 20.4074589102552
-9.06717753424138 -10.1210642185097
6.56495638198674 5.29661505021042
10.3919152747482 -12.8038219508284
7.60315172567469 -15.079528313745
8.40097558396231 -16.6926433854453
22.8181970560473 21.8365718659193
-7.26385032100123 -3.74075109764491
7.39385503564169 4.92909138785311
-8.38080381561432 -7.68680029592302
5.95652394472529 6.70704807759508
3.80878966069878 7.94503213562362
7.68893199568408 7.94361497768503
20.1486412432816 19.301955950982
-2.09988633292756 -8.35104270309892
17.7077843500167 16.7293759757084
-10.7990367248069 -6.85080325920582
6.95831578560827 6.18662809202714
7.07292015668236 7.86507062500575
5.74078360268375 4.93129781124632
5.32863602245011 8.46595505845709
-2.56644744199849 -4.91308616882709
12.8611199074828 -13.0171812810548
-8.27907451847676 -5.92564639146015
-8.3310564290023 -3.93618717883899
11.7978191903732 -13.0472999903163
11.4717260367896 -10.5727748008589
10.3431985054677 -12.9296115766856
16.7010720032126 16.3964242572393
21.0499075188954 17.4311916119447
9.91759394539039 -12.0187686798167
9.5190097238338 -11.9110951967636
-2.9188703651861 -3.7181252738996
27.130735808607 25.0959094769232
7.19434307745449 6.79849436189233
3.7342146890439 5.07790350564522
13.5108283350881 -11.0892941965535
5.47239072694624 5.82090956251113
18.8291360893272 15.1391274414034
7.36267634200922 6.36511094946298
15.1944024999957 18.1569593390877
-7.64937540540503 -9.99698645696055
-7.69385743154019 -2.57610781322709
6.69440850199819 7.73699226069988
18.27175258929 23.4950202682903
-6.61174733665097 -10.2677398542379
13.2227464155403 -10.4040758327887
12.8773403553377 -11.5725164648765
7.53666218527136 -12.9824450433382
-1.57742876227591 -8.46694647870007
6.38779301313342 8.70641014651603
20.8893619286422 16.2315754186135
-4.8035976044924 -1.41777706620855
-4.94955619304055 -6.31280516992139
-7.15830580997696 -4.16702154584748
-7.48362868420226 -7.15549892220016
-3.1914476129482 -7.01047469520845
-4.25714862810719 -5.73004406893706
11.0724897615366 -13.4355881911955
15.8011800071253 19.2001605391323
-5.77679070096167 -4.98151104948445
-1.91355760608984 -6.35293268092602
5.53368531327994 4.5313305763739
-7.97673294052534 -7.19014840033535
4.49882061030449 3.54694367413086
19.1393533955142 19.0458849861762
22.2608817503117 13.8762494371104
-6.43947942160398 -7.32686983779858
4.48427875337978 9.56051253724004
6.71327898031945 -14.0253521433093
6.56883571836441 9.81019944073019
8.55527807536215 -9.83741358724108
15.3656411562853 -7.69254518014388
17.9153648803071 17.6455143950824
4.69595135874186 6.43967956805476
7.63618126166187 2.50197791770137
0.618180887894777 -5.6775677408577
7.09646198911991 6.2010751705651
-9.80781874383115 -6.69618815023477
3.11820564553299 -7.5241200295373
-6.95706529332929 -7.15960263416762
11.4961129575456 -7.83017907083723
19.3275094334483 27.6909858534721
-3.36977789204817 -7.59877793868952
22.3566723752869 16.1847634795414
-5.91736913358719 -4.3247388217585
-8.24008376515336 -5.18289610603936
20.838406229607 17.7941819087529
9.65124793750301 -12.0222653946375
5.69609855933419 8.00624691930486
6.45249742511236 5.7100058413021
-8.48857224931606 -2.20305393818719
5.91310277809371 3.81101455478669
8.75745205471693 -10.935649772101
-6.31609497991768 -1.40701739149482
9.20691356357179 -11.1077522098157
21.3554198992498 17.1523437888343
23.051241057619 24.0167613077756
6.92817405048265 3.6265384310932
-4.04863121420933 -5.54984318535356
5.91447271482327 5.3463455741897
8.61128829866831 -10.5021096671096
2.07572860632556 -13.4253023872682
6.47401580005276 3.04641967788943
7.53055287818021 9.39723416111944
6.44805468194877 6.64280906399994
11.2005956769793 -12.1581508558196
5.66717598534636 5.84499560978629
14.003453464681 18.4202263168261
21.2160485500744 18.0398624319486
4.72203944420664 6.51135914285416
2.82390412572866 -13.7426389896616
17.5707645835297 4.08317662061727
-9.3831419779134 -6.66208482268803
4.67795372824376 6.62550280634307
-8.55683063817161 -5.95861750212714
-8.11065810675005 -4.90361169686509
5.96908052254649 9.6941725372592
-3.75927658519606 -5.32006108690756
5.03110422592841 8.93742875592683
-5.64473890750488 -3.79955846185858
10.0396530549843 -13.5719958451405
5.66468878030104 6.81774561958275
16.7361658102509 17.7313561406267
6.57362956683348 5.84559113657116
-1.8793541274239 -6.5143619210164
-6.10872608202123 -3.85320275572379
9.18924377865728 -10.7156581906117
9.78476230270646 -12.7134017402753
-8.13479342368442 -8.00523397491174
-7.06824549240362 -8.34624796862476
17.7152892548106 21.0540237483946
21.2990090844023 12.7886083370777
5.28193481385626 5.26883191065572
11.6524815231804 -10.8049527285345
6.24426841381083 6.8053337977871
16.9680533624578 19.5776154852776
7.22450948634036 3.78998450890107
5.51211911709264 4.07603046215507
18.7520985331475 -14.8088686041915
7.37921404724758 8.29167853394605
-4.91165645545992 -1.55005215129577
17.699049723596 22.7699346521481
8.70062748379137 -11.3559729864127
19.1856031538378 22.8669902889767
13.7839210039957 -9.21951758459558
-4.69191188748752 -7.42262775025763
18.9636782867163 22.2649392164952
5.02265565752542 7.25572500718419
13.0829590857049 10.5785222368014
-5.82028060574479 -7.96185214806106
-12.5394752064504 -10.003085633401
-5.23213002090303 -6.87379334996887
12.5706401064538 14.7216974533902
-7.80179634790772 -6.30180308959842
6.61308922964978 7.27572866623496
-7.7534815530071 -3.16430935157066
10.4120176250375 -13.6039045916187
7.20636443956118 6.44590784457388
6.27772112454289 5.62214247634785
5.2846443119668 8.87631910900784
9.33355996577043 -12.4425392233836
12.6623120160218 -10.5229824886658
-4.71804129354923 -7.05646074031981
-5.89733849422559 -1.16005566799979
-4.07916950184278 -5.44733849725685
12.8983190267294 24.7690230978862
-8.55973936555066 -6.82315971073614
14.6201304186825 15.4871296521682
11.0110090239347 -10.9227022148727
6.73919172743466 4.74131296029718
19.9544930316296 20.1178044362314
6.77074788341925 4.72636584473381
5.76308463652984 7.47192287227842
9.0526751391031 -13.6187451827831
5.59291075736867 3.83803338964519
5.1545028092198 5.00636241889476
7.12000917934699 4.80316360022924
-3.54537597273353 -5.6700025516602
7.59744603355582 3.74620156422586
10.4530869234878 -8.24044657780298
-2.75824883973705 -6.72251396404492
20.1127097484966 23.8349427474397
4.49485869647543 -8.59062171780262
12.1324945609707 -8.14144720065005
-1.50651488742867 -8.22624455376393
-5.73554284333151 -0.968808323301764
-11.5014422396872 -4.06082874115173
6.51684533506503 -8.11716221905935
5.03030562862405 9.3583207474289
10.996602793326 -8.46732511277872
3.83194119492258 -11.30267223414
-3.87675340776965 -4.52416552670907
-5.5273830499575 -6.96662602396722
16.9328989536714 14.0861888658661
9.65847972440556 8.12358355872367
8.4139194861975 -13.7836287565575
14.5353245505024 -12.7599106108077
12.0013460087421 -11.1310056322911
7.24789743639659 -12.5010925329065
12.9796743145532 -9.5216995046471
-9.641414080963 -5.66403658516394
5.42461757795415 4.93267267108832
12.8902191191802 -9.35705125786367
5.32474576113666 4.48459303837371
-8.41991952190832 -3.43178583775259
-6.74627800801566 -9.99705624782404
-9.12165201622905 -8.23059260018282
18.0906621361262 15.7204053944508
11.1880104618608 -10.1897308124408
6.3904925947278 4.22659809909423
21.6240368535284 14.126798653883
6.29453408754874 4.39611689308188
-5.64316417124739 -6.47091492931168
6.25514976028985 1.951095717147
17.4270257787373 21.8606334231095
13.4132644810101 -11.0225197196967
-6.75553786980526 -6.48498458177814
11.1708561784794 -14.289674515946
23.0322674028372 26.5785411596959
8.1321600857065 9.44386213414323
-5.33185477691787 -7.10944501115477
-7.49267582513992 -8.61353442033867
-3.23940079192496 -6.11649720146641
-10.6628530363828 -6.2695766920269
-8.02899466074698 -5.27394201182998
24.4436804542996 19.1592096154757
5.47291474240826 11.2737891690317
5.90053559629395 6.84046681882251
12.6040024950538 -7.92142184899706
12.0745842282341 -10.9045058789164
23.5252126075764 17.084460648261
-6.4235339677546 -7.56829934251717
22.7160115801343 18.3224021687718
5.66702895361104 5.79129938477312
12.2008829405951 -11.8089382042217
6.70106550426784 5.253711579818
4.81660015388793 5.76819002702801
19.0016061061179 17.9659773229281
-2.04856768469244 -7.76470677403203
-4.0613511793762 -5.76513116950816
16.8668754071683 23.1806186611847
5.52197845097364 6.06150851151896
19.2150407586382 15.808871058246
15.8605403085384 24.1730280429017
-3.01723055297728 -9.09925575842882
11.9530760839848 -13.0110457589308
6.28714670925475 6.74888715901598
7.24745830850987 9.57247198896012
19.3953025425122 18.6161364791967
8.1648985242963 5.67301375952123
-6.97252077521861 -8.52511996936965
13.3755571453241 -11.0007860416521
8.37579860343323 -6.93668503286807
-5.07451656508252 -5.39973237978679
-6.76364967341913 -3.98677594152433
20.4748371313558 23.8042622367628
10.7323642167444 -8.84538535594919
5.19125829878267 8.72229786040599
13.0391340040568 -11.8546809003469
6.48331793382831 8.20054488618793
6.65504968262767 7.15756887097903
-5.51349045085162 -3.28518598386782
-3.52508567905172 -11.1429097909207
16.8545176934379 28.7396065014022
6.17347393594835 -11.9292538520964
-8.30352879335114 -7.34240157997649
18.0927976394754 14.5830786202438
21.9945654446951 15.2993269582409
3.92304927400579 4.68798587287325
-12.2375451385462 -5.63771917336713
8.07529656622161 7.78174277624892
6.8075377434922 10.2144636676335
16.9216491559699 15.9198601447308
20.6793376237002 23.9354219829673
21.9080087537965 21.758379198552
5.63354196366274 5.1609309239721
6.66970778835634 9.29574006003899
-5.48481892079711 -8.2165606676534
6.78232781144861 5.02762249019568
7.92228684933986 6.98199314623304
-7.72728886397898 -6.12299687666626
17.5850733215429 20.1100568698561
8.8197411750235 7.58193376027811
7.68785620434481 3.64219391453418
11.0434511267982 -12.406836308195
19.435491946703 21.3013238473379
-4.31624041691357 -3.44491762383136
-11.4307133333431 -6.76772364552256
8.07078930629043 6.57433790922662
7.39626493988466 3.10132787930412
6.38985156292216 6.36707186796075
-4.75539307329632 -5.66630296200084
10.3285515160405 -12.4880454198231
-6.82564794707852 -2.75897325610401
-1.63089917565003 -6.9102802871103
18.1813434677172 13.0349240434748
-6.7450441024821 -4.80464688489824
7.17980832103696 6.19289208682704
-4.4409857265878 -2.91317569767437
7.44482827366837 6.93744188794567
-2.4881673890146 -7.13875346117965
8.30146473444772 -10.7639772404338
17.5254240025813 18.9389941961934
12.7327844550661 -11.8810857091124
-3.07934416146331 -4.91151584761572
9.53897023948813 -12.1578296946956
16.4796418647078 15.1297899684093
12.7985606102844 -12.7551468743171
-7.07500090491637 -6.16743835045326
12.0778331697603 -11.3777108765597
18.0228268547279 12.857498159579
13.3200021664638 -12.952806607162
4.87376576048897 4.35538695600884
6.35368870753955 4.86990533635172
-4.48789028785776 -5.05596348171466
-4.93312216794058 -3.94185901415769
14.6301680861993 18.9218435368518
7.20360379192392 -9.2225278435881
9.69109691153243 -9.04598803290636
-6.73253669471974 -6.07448719628748
15.2336712299572 -14.6824664694315
15.7271820100373 11.8657482375058
5.04735340036937 5.98179499855681
7.92423503629585 7.69743339916215
10.4551639221361 15.0884039994602
19.7213919718765 -8.04829630837831
5.56813800921642 5.03411377388357
11.5820912587012 -14.2097574689769
-6.6433574277121 -6.11038190553634
23.8103751748587 16.9235396774332
8.28773450339576 -12.3207116028953
15.3813763523593 12.4778790136728
-6.6659504247989 -3.26673270547545
10.3439990317534 -14.4070845767143
5.55636906124253 6.81461595282176
-8.23063751510346 -5.15952896852941
4.90298844654498 4.05204420950613
12.0299551739357 -13.6409555676169
6.39361461219574 4.83720714445774
-5.05304567457682 -7.33415558315183
18.5148309841029 14.6245348045671
6.28166148750586 8.99583248868271
-4.09694395099076 -4.26722446014614
-6.19618502779926 -6.41518013924127
2.96761887133471 -10.9532268908389
18.5770531609381 16.870246758861
13.2548361901891 -9.00225608315323
9.43760133305751 -14.1084207489458
6.28544114999168 6.95785318982536
3.66293221804711 4.65564397593661
-7.08331455323183 -3.01024279896555
18.9990310951099 15.9995343138991
21.6305536448777 20.056170252919
21.0451315638556 26.4525359016027
16.3362280831298 15.5436928302539
11.0851845809575 -13.3304669253229
18.1489153109647 18.5030824403918
13.5673552245575 26.8305662348018
-7.6180697983 -4.90159760175909
7.06943319678046 4.28544623904295
-5.51177903150742 -5.84587892926018
-8.93570750786568 -6.84940298808307
5.66608465411649 6.98652562331353
5.50498713186049 8.49906253183165
22.9931354724885 20.1379934356746
10.1984089101549 -13.8657606722267
-5.263633511439 -7.24294546161052
7.57181020697084 4.53070471209255
7.23337427366134 5.92290060662636
6.84230420662597 6.65582465921204
-5.7661660281148 -5.37442435306699
19.2439064007676 22.2147715536424
6.99655978634817 6.70643937611568
6.50676077411662 9.21834651010721
-8.07484258444502 -6.72851702444713
15.6655592004083 -8.53605483095526
-3.66628597270009 -5.75537658471322
12.3577395466109 -10.2726194693547
-7.56736568305315 -7.40368076451944
-9.59429685473236 -7.10990061817962
5.44118267780542 5.62971479837106
11.7005482008712 -9.24824464306935
8.18827532919729 -10.0768256477086
18.2576060997205 19.8529503071841
12.377851804194 7.93233681446535
7.12333763335897 5.32871577775666
8.71524582425175 -11.4583195385836
17.0797182133639 14.9147056729473
-7.06425454551397 -4.0927406326454
-9.72337656697312 -1.61556966106964
12.4303947550967 -10.6741302010362
13.4869070166649 19.1064114876317
-8.12454787651036 -6.62183986379452
5.29275891138546 6.7214080846882
11.4117101295579 12.2724500819559
6.98337228973312 7.2608139029077
6.50457202768119 5.3943000703358
-6.92030582460855 -5.78142481741226
-4.43988759434142 -6.65903337145762
13.3335646775383 -12.3055587805244
4.93205446219135 7.62563004324748
4.5041419427091 5.65648460129289
-4.60215735603599 -8.1841023390166
-7.85888168858091 -4.84376562798807
7.69662929927808 -9.58989101118292
-6.17276078937868 -7.21571081037435
-5.03748408264234 -6.4941704438279
9.0340735950089 -12.7654164473728
4.38518492800964 7.52329575205323
16.4095231721535 8.06634321032187
4.20630668815803 5.27812440487431
6.60338025127782 5.23584819128463
-7.78306014589612 -10.0183035602544
-6.55296419259236 -7.38628790082842
11.7260862672234 -11.2806858867797
5.85793523875106 8.11790574354771
-5.77030498314375 -6.04513530251454
-5.77175558505909 -7.13305124279661
6.66913384170488 4.9029844446311
21.2722258173223 16.7572050746267
-4.96513676595779 -6.49607688882436
9.25286639693259 -9.47823782819943
17.3994238387067 21.9855214212579
19.1019838078346 26.1167779818082
-5.13745850589878 -7.35586874142071
19.2666397817267 17.8306941944992
-12.1140017812533 -8.85037172639625
17.6842046781263 9.65103823764293
21.4537588679087 21.3194967361368
12.5366309836665 11.1867863493349
5.88735328286814 7.46768479471499
13.8849287555932 11.767491878991
5.92374191888138 3.38781450679345
6.30919439819074 7.72518934284594
-6.33961333755094 -1.00683315841041
4.7257352921669 5.25377913661364
1.06617137232008 -13.3088645706093
-5.05476313644717 -2.17533331951823
-5.02775519350221 -2.06773344253364
-8.61770559260766 -7.10419063568874
9.84765595692994 -10.3542446178302
7.90073508645095 7.87651745014511
20.5543726226862 20.1237616054658
12.92728971525 -13.4269473054024
7.44026230488914 -12.950989585831
-8.00561628918693 -3.86920952764415
-10.7412758858494 -7.69304013371152
5.39362872537285 6.07488332317856
0.195252167132353 -3.9055473273657
19.5501328600593 21.6419543347532
-8.23906302059292 -5.52935220590828
23.2475294152292 27.7539953785587
16.2959661027845 10.7701146973083
20.2609566639908 23.7442888974374
19.3682739638979 13.479646961044
-7.59349830632474 -9.60072197363561
4.57105437692845 8.74425880944157
11.0479269706709 -11.4245009957051
-4.52194934918862 -5.80210736031306
5.07378561845661 4.71940945222669
15.4359100311893 -13.5097367544211
10.5436187924201 -11.0299722841389
13.0012537801046 -7.57295273827627
18.0326949570837 -11.2179262764817
-6.76776432469601 -9.74220622369591
5.89202850209109 8.22109819013583
8.79097154339657 -8.36936621608751
16.0132390456723 12.9291106206875
7.78388979277913 -12.5511860146721
5.99765361356536 3.47741862676597
-7.44856980061571 -4.16662550880908
9.53078309099502 -11.7690735197329
6.21589138933087 -13.1645927651042
8.85925499442112 -9.75655159174065
-5.21275715382257 -5.12247365511779
19.0723185587073 12.6155472011022
-4.48278628505462 -9.92782937574772
6.72419032285495 5.3879451717675
8.24552952029093 -11.2235248377526
20.2622827071956 22.9432189489818
5.9311912347676 7.27944233131029
-7.76250777428696 -5.51685945429431
-6.30893014029105 -6.65580908195955
20.1183383010649 19.5945484352322
-6.61883154531801 -10.7652397304374
8.5843729981739 -16.9683301574477
-5.41903636130758 -7.92150934576371
7.66332264838736 5.31662205850057
-5.88037265414402 -5.24484544815132
7.02887255957393 10.6347034770329
11.413388435561 -10.7720394089009
11.6815728650423 -10.7235882293312
20.1788911720529 18.4808528611622
9.66101241863637 -7.78615091812561
6.99052121602095 6.40900745199568
18.8702104294586 14.1228903949973
-7.6974024090708 -10.1161924833163
8.50930529927909 7.47300599694566
4.82383497504781 4.31571606229176
20.5345078417072 13.2682200789928
22.3816540987435 19.0921606257416
5.36604802755551 5.03469058620692
-8.13522272806591 -7.93472167281177
12.4603400432838 -15.9036201255937
8.08494768358463 7.05514095368414
12.5483112216576 -12.0486856853224
8.30078014406341 -12.9955078980576
-9.92171757771948 -8.78977997890612
-4.84773958026271 -5.64088651028947
7.63816213267942 5.30276954349925
-10.4565170279403 -5.06016793279731
3.79268394260512 7.7079605306994
17.8701666598716 14.5426229227043
6.34823136443229 -14.4543856493433
9.65257096126533 -11.6325014267197
19.5767974092539 14.6980445538058
-6.87394858775317 -5.94144990534289
21.9058769718324 22.1071109212879
9.40374631208417 -9.77849360785043
12.5975874216013 -11.0027877094719
-7.29433982747468 -5.6595308286306
7.31347291973907 3.22629592272709
-7.26945404893033 -4.15217616610512
5.72879409725508 8.89481168984348
11.2233995908159 -7.46599942138698
19.7089794813953 17.5631963470606
-10.7561669067334 -6.08628477492451
5.23811834669759 3.19564139280873
12.5512180877319 -10.5333339521938
-7.05239145413462 -9.07292290669987
10.1736624157145 -9.52541838845473
-7.58277761996978 -6.27822849524488
21.2198691921355 21.2168922041502
16.3043938157277 12.043153739989
-6.5352661413238 -11.5035506190265
12.083264246429 -9.04976869972408
12.9674894944899 -13.3261664406633
-6.99268229907728 -1.98221332425064
-7.97210543343472 -6.10308251161015
-5.4937431904496 -7.12401027640294
6.98408279850976 -12.0430537934645
12.6684609067451 13.6310209049697
16.754845582859 20.5863487943474
-5.07124181414815 -3.41451943225804
17.1013873671792 18.0059400933899
7.37719022895949 -9.86134971309524
-9.88204656599786 -3.62409775923721
15.8481188199708 17.675667452518
6.73858375647559 5.91340982972085
-6.20734926092051 -6.95034636701494
7.39653938299462 -15.0534642009543
10.9212371757468 -6.21200779283399
-6.37206930198888 -2.42327769115202
-5.91977922142453 -9.02650834660813
-2.36396809317274 -4.09483812423545
18.6733971598463 29.6524819203914
-10.4079230889549 -4.48040279953916
-8.71815865968177 -6.299309331517
-7.61884452754559 -8.0194156052509
-7.92944648874487 -6.33968974807306
8.7616039624755 8.34429496244772
-8.60518715119608 -9.90025653848376
-9.95845864261402 -4.02784564606256
6.36874697244895 -16.2624731407373
7.80586652642925 7.28592014795526
11.1667960705766 -8.85474790924995
6.65112408412263 6.91885162495227
6.67221089479527 6.19759583478934
18.0531378080116 9.10579375284768
-6.64954442773022 -8.73728943690194
-6.47178073016615 -4.47163048650565
6.91470378224931 8.08211288166667
7.32268042311784 4.32820324617411
-4.28675518056362 -4.14784909196353
7.06841989401467 8.44097869153051
9.02261817425124 -13.9619756977249
8.51212449184681 5.8827289701253
13.6777071325855 -9.92725418762828
9.84021219376027 -11.7864729925103
8.93401879869625 -13.0213966583487
15.7652649641225 -10.9218481036584
4.80427609234272 6.8621836833042
14.6486198653514 24.2963665957696
-5.49396328883217 -7.52739075377786
5.9212238960567 10.8677047736865
10.7292011987915 -13.6909224973752
20.5581154286987 23.2406606464823
21.2363601733181 20.2695115166063
7.85976585921949 11.0783647643153
8.30247310148053 8.70232546665021
8.18209778684398 6.04641301584959
16.6401675596336 11.5801773323746
8.94634191228912 -12.4839391287612
10.3790215651962 -9.88712211314749
10.8019508165379 -9.3378654337552
7.59785953339631 4.75038682777397
11.6963115909762 -8.95977377862615
17.8004959224018 14.198611758271
16.364379278495 -6.58237138961276
20.1577847029844 21.9158039862409
-2.66928261660006 -5.73752784838478
-6.2989714102701 -4.54643905073617
19.9660537518212 13.5938716466513
-4.04519351794351 -6.96925123866637
7.10460001913979 7.18912931219626
4.69739220110569 3.66040339574911
-4.77936518325407 -5.18900973449596
-8.1748170332895 -2.55319715957614
-6.96551163026097 -4.49422529163959
5.1607269723527 5.58118252292426
11.5964513621073 -10.8835535484002
-7.59270365155144 -2.94673340848625
-4.97678437284468 -11.4916014653415
6.93978702101288 -11.0723745060493
7.9079856654641 5.43880119033573
9.61362411701356 -12.0054845377279
18.9763330333463 20.0699913498572
17.5866592265277 16.8155678588314
18.601203439256 24.3741631685916
8.7678778127545 -12.2090758851672
4.86537409028316 2.23212290854368
18.9934339848735 27.561553910246
6.89512331755529 6.29077740538317
-5.48971709316347 -3.88952900715508
7.77502734244004 -9.88157264810697
21.3926203173141 19.7541769348663
6.01510839295935 6.61362788182013
8.31981093068362 -12.770842825552
-5.5173678094712 -4.74634068277784
-5.94387952389778 -2.4081666314585
7.94171878992219 6.60714524809058
10.0734507198418 -11.5638757542403
-8.59881381580228 -4.77353509269264
-9.09066046288437 -7.3991966878522
6.13464129083091 4.22911476402323
13.6817125775064 -9.59530979829079
9.50316294678212 -9.46535331995463
-6.1490424498514 -3.24911541387066
15.3070881291295 -12.818593335706
-4.67954576794765 -5.23118631245548
21.7125893247041 16.187227130439
11.3276296949122 -9.70882499496269
5.98022415462162 6.80508726689089
6.54572684196311 4.79279109043943
6.4587137651189 5.94349262238078
18.4044308494794 23.4885762412651
15.0591023130274 13.6197180528618
-5.57822857886018 -2.73475633004604
21.5858826699088 18.1225767045783
5.719343064422 7.243065283552
13.0006625517414 -11.6968774794708
13.3849372607445 -13.3721923674169
11.30927225004 15.9644482745303
11.8561576712956 -4.69133449686501
12.7276050757449 20.8110346916633
-7.92655622302526 -6.32461469792733
14.7626270806891 18.2059473287093
-3.77394118608095 -5.47272279541992
8.21601225484565 10.9494566113127
6.34413601870953 5.18697450883448
9.91183568025612 -10.0222347855886
20.5677339830968 17.3350212608276
9.49173807455557 -9.22767891401271
5.90934470609041 5.13383598512709
10.9807820028662 -9.54281206054975
5.06614194499909 6.3068326072808
23.3449035848076 22.5868759099695
17.8634711364289 10.9651484787096
16.167981854273 12.1856492698235
17.0464528588043 29.0859449934833
-7.54810895632517 -5.78981576186083
10.1200986451867 -9.28940310865534
-6.27447283022603 -5.95323213203025
23.2757056770489 19.6141623664213
6.94216749772943 6.95628498120535
19.1567041945711 21.7657590511113
7.12044576605308 6.99505378503755
-8.52651244453783 -5.93874394483564
14.0658746273794 -10.543111796057
-3.31088378823767 -6.36949587974449
-7.16599787337483 -8.35683044945818
4.86335226735852 -6.01170265166489
5.36892156964822 5.17674334312665
5.21535546965051 9.44260688253196
-4.34272046398709 -3.75556355984963
-9.87770191131202 -5.11264426879275
4.04477116346502 8.32228820033736
15.7935007068184 12.8763039694644
10.0479833392598 -13.6813625292805
17.8553333023045 26.9822729393509
5.09502160540801 6.43151439841286
14.6852062811689 -11.5577882883526
10.2203718610039 -7.3128018320858
19.6424783920403 20.7449235603101
-4.79039960887185 -5.69539733008353
20.9063705893616 25.5001051456771
10.593571917649 -12.3973596733138
6.06792072558858 10.1705401976565
5.65598386639789 5.14293363953997
6.56722781704981 5.59986389370421
5.5864530539492 6.84236364793953
-3.18703991246373 -3.7158313489155
-5.50226622309013 -8.82137040277294
-6.07762036757976 -2.72510895855419
6.77571346217817 9.14950000884848
8.12708149143957 -9.30056103799263
25.9246993634797 16.1681870079626
-0.874393070129456 -2.70596626957153
9.07568636983262 -16.0989950700732
8.08218242498428 -15.4342052280499
12.960180035516 -13.0130638741165
-6.38889796588185 -6.6722472767304
5.39623506758876 4.78791389723766
11.9122822625961 14.5797275116163
-3.36234999580046 -11.2785457934214
10.0396557075269 -13.4039292260057
7.94195037404056 7.03638113493325
-7.49593970446922 -4.25800539099519
21.1753881258913 22.7142186801477
10.2293752427802 -9.35703300150421
-6.53568757181191 -6.16286302466258
16.2548537552733 23.5464790542318
-3.245408733082 -6.92819498052326
19.1687069609876 15.1159463813349
13.8224296877141 -7.21936154762222
5.92915129251721 5.62337140803242
6.8467908733339 7.98567951030702
16.4253756222099 17.4713636295503
-0.666253250657574 -4.92281797068531
8.3782488395895 -10.3942574136489
15.2447118607481 -9.87986586410214
22.3433450360838 23.9426028460385
-6.24872532149772 -8.42417931675824
-7.9396868933463 -4.10110341697078
-3.33753227966889 -7.88299078574811
19.6431308881794 11.0690697083813
19.9037883652309 27.6935870693973
9.8996460456446 -10.5588445119911
6.38476014886931 -11.5599013341613
-3.7652567702814 -9.10219305474882
14.3419219160813 -10.2095375064119
3.66673908175677 5.75955552793751
10.2445083775019 -12.3395603880084
23.003539461294 26.5962358065529
5.58215945742724 -7.73015383137052
-2.59493314914138 -6.51547161822538
-6.35977774415424 -1.3510790743815
5.66108307976075 6.81128782610411
-3.89013367571014 -3.06215539573153
19.1851153071397 18.5226485844928
-4.44406887942775 0.322782829030364
7.5988010870229 -7.84768935091348
18.6239858010659 17.1907779639858
19.2241354225879 19.6278779971461
5.02268439931381 10.908189565275
14.4679995485308 -9.86948489441762
18.1601965315791 -10.4896572249985
-8.46459370654528 -6.68526765089075
-8.34046068318535 -4.24161623957915
-6.07905997221159 -2.58363276179929
6.40616051336097 -15.851824486749
-8.3959491907 -2.30984695287884
11.91117815412 -11.9254869961924
-8.5575009209354 -6.3938597295865
-6.80132879873884 -8.72067307701698
19.9653393610859 17.994640447132
-6.00025815892663 -6.82959443140491
5.63922759087571 4.75118925508364
15.4803548899846 14.0847547027985
9.84256275882773 -11.653349658967
11.691020475279 -14.2525292695978
-6.54737123076405 -4.18249280421316
-6.18569962784553 -11.3401481197315
20.9683352026577 16.246923757671
12.1867551866476 -10.8606942892736
6.33674656663733 -8.5051718702027
6.25274780168348 6.06813380180538
3.91822131607721 -10.1287273296021
-2.04891510821366 -4.27052550316795
7.96199179938325 8.45239634197905
3.43933484268046 5.55479516552039
10.704434299274 -9.50751383357874
19.2048004978249 18.6727485707256
-9.80268271415561 -6.98603160224798
17.372058483952 21.1267424091426
-6.74627311860908 -3.70641005189286
-2.89154365626725 -2.04768163686419
23.1242664985278 15.1937629251592
-4.29213695077247 -3.89424699923253
5.44254064148105 7.85292429681562
10.631979094325 -11.8504918122703
7.01229613393327 3.49937010026211
-5.95148909536671 -5.97092271995634
6.1035455185355 6.86463372189962
19.9410594265564 32.2258926688583
8.59311709229365 7.96711568262358
8.0555704052328 5.9266787311565
-7.59240539494021 -9.0554316667398
10.4637531281924 -7.9684401956879
7.0233877398919 -12.5763473216273
-5.42652097495782 -5.84045393317544
21.8595397591976 28.3579484236444
8.54293080370883 -11.8197867988735
17.5059948314744 20.2282762142989
23.8620282630004 10.0972944294784
5.69338267926908 4.61175095427796
17.0673795940499 -10.5253994954687
-1.6981387158298 -7.70479673975242
-1.40901973838969 -6.74028146512556
11.109819075697 -15.0595201447453
-4.9126636457588 -3.58550661074669
-4.09639963212856 -4.23660083295404
14.4726656380783 20.5768509151028
7.51356497320903 -9.95407053521719
-7.1167366669039 -6.77527563628462
18.6195723236097 10.3203867927692
-4.82606511597478 -10.3991166993653
8.60181454594577 5.51665583874094
5.1913917838413 7.12878852552506
-7.27542089221601 -9.35555860701951
12.3708228683268 -7.22726778057717
-5.36692933422133 -9.75623970061753
-8.37814794380662 -3.7213321452522
12.0006515713964 -12.1360081178358
6.56904936313598 9.75355599089531
21.0620124666878 20.8257032318735
15.7252571705113 -10.4095491839976
22.1798779239043 15.3941710898133
6.37518884305316 7.35513496985756
5.89168542603685 2.48896503333699
-8.14491551561813 -2.9397154685734
16.7814008638869 16.2448306964884
14.9715346807894 19.6391752473974
20.4599417709065 12.2229220541281
23.902457330238 25.7714014833079
-8.35309269376803 -6.25221373823317
8.90932620168654 -14.5035043024908
-8.79012477103588 -9.16463091929765
-4.17313277677217 -7.51916983735339
5.89598560169031 4.11287096202436
20.761020140894 27.8658588617009
20.3280090257289 23.7579871172591
5.97792658338807 -15.0768262137387
2.4334438809881 7.70552221417536
11.2824632647728 -12.0468649768857
-9.596086730321 -9.15843353271542
14.4478474572668 -12.7137031410801
-8.78147776840024 -10.0380617353166
-7.96050766730529 -11.3978316372021
7.40664818274878 5.1388360148249
18.6880862993838 28.5070813348781
15.5434053524224 17.8488569652465
17.0010734363714 16.0941982256657
8.55275385024254 -14.9802683640735
7.98808208877468 5.43413086702747
-2.90835054374024 -6.65336238591135
-3.19064150946179 -4.84558257379295
-5.15975494999906 -6.83287414621429
4.81892800195927 -12.4096382459012
-4.90981882198718 -1.00664449683012
-5.18503180677867 -8.66114346102871
-6.0254349420586 -8.5820342473224
-6.12446468700423 -7.19229095329731
20.1210467472875 17.2391156705334
7.96159458056676 -9.70669134791408
-7.34820660669617 -4.68126767263992
7.74018384504214 3.59250253945808
23.5840269158748 20.4801344429088
5.94556474718141 8.11751286868213
5.19325582092024 4.89935021860704
-2.58629070416334 -2.43117585187556
13.1570144002447 21.7468924583746
-4.08066127236821 -8.39880136225157
20.472029304957 15.2904579291899
19.653994837642 16.4801295502829
5.22046334268325 5.18488222052471
22.0729126216516 13.9225496123226
16.5468784526394 23.7270668657441
12.3900053896256 -12.6643971818461
11.1544620178731 -10.399020587736
5.94717135109916 3.69376404010877
7.47578438472199 5.21430343602271
27.04219735243 29.1547388193148
14.6480616840228 -11.4816815216667
5.62039460357208 4.01339392916874
-6.82639817840683 -9.85234062835547
18.1041042547076 18.5992209399959
22.4047978465639 27.7761987371539
6.51715884242399 6.86596044468257
12.71355504328 -10.158180561162
-8.0356554586159 -9.22297699839801
10.5712253107431 -12.2400146362707
-9.63063069192447 -9.97800715475175
16.4547506975073 29.3628458215872
10.6447139924028 -9.49198113644075
-0.742969946617282 -6.64692648863326
6.47064892996153 -9.42064377984388
-2.9424084104608 -6.93396574218248
-7.2188491488835 -8.45265324611411
-8.37504623157774 -3.46942326536334
-3.40095299363702 -4.57917762008481
-10.0081568270037 -6.07314189731465
25.234951369172 19.5125816426437
-4.02221696497436 -6.9284989774136
5.17151823246041 9.10689005823223
12.42449929083 -11.9819711008086
6.02872276237908 7.29428902368876
10.0673257745992 -7.50233047671194
20.2231266887134 18.5075110202651
-3.96126877248397 -4.37286087363812
5.67235191727978 6.28154625920113
17.2843391872257 19.4364942223001
5.04252124917737 5.73280348016925
5.75453202088559 5.54973607099552
19.6992802499745 14.7794311986319
9.50992154817055 -11.1405165438397
0.308563853244523 -8.45810919482905
15.4949436882155 18.1958024153932
6.84156443050935 7.38387769489918
22.988161580573 17.2718407121524
13.529342380403 -6.37834457452618
-6.50764273380365 -7.03709630383015
-5.43961936500985 -1.91675972998767
5.51784421502467 5.80967848208747
13.5791556701466 -11.7486108074494
6.71015149060633 5.98091214594597
7.2903811345418 2.18326622167584
23.518146704944 12.0388243542372
7.0059801287474 4.66517856394625
14.391167175257 10.3235752715995
-7.24556011189802 -7.36596971684947
-8.36175002439635 -6.09796186506673
-5.00226901183589 -6.85810623780105
11.681525531317 -13.1777618864677
9.20912137936211 -11.5564802375705
7.76879259540716 -11.9762314239936
6.94474466254858 4.51978744139607
7.14317545664888 5.81905686609101
7.26780842183157 -13.9714239787625
-4.78241415007402 -3.71715031379181
24.2140568065255 16.9989148130824
6.35859174718209 7.41436441425609
15.3237897022087 20.6301938211753
-8.26286290682837 -7.53553449203112
