x1 x2
-8.83791423680275 -35.5530122064877
-59.3235959878995 14.4338638665194
-7.24055456778727 -36.0466080705474
24.8929235572122 101.139749962214
-54.8659527164015 16.3370290609
-10.5184098947529 -29.0532218719431
-56.4637152812893 16.8335847160029
-6.44171118801402 -32.6093759259527
8.91076588822908 33.6651599830407
-62.3962029563493 11.1852468693564
-6.25694622407903 -37.5316298190699
22.2408092848967 100.349126041093
23.4243460598832 98.0697837273013
-57.353614043588 15.0368173542192
-59.3420280076588 19.2513793247183
9.16892059221128 27.5490619212998
-59.4785315362427 18.3186509035104
-9.30272401310204 -33.8806321346835
25.1132009500973 104.310635470305
-63.9263189881322 15.20180111824
25.1855786731793 105.00806502791
-9.52283531158351 -32.2649199852804
-7.44529641373928 -38.4751531100602
-9.17202017911088 -36.009789370424
-63.1672977989916 19.9410158352349
-7.69012523787454 -34.9352658398011
25.0211993534146 106.653242884169
11.1955868192037 37.7996937577578
-7.38777089687111 -33.1436436520595
29.1823555443138 103.439528964514
-59.3817208048458 14.4022528681332
-8.15777572410506 -33.4380272958848
-7.27461151450489 -36.890034951731
28.2577585937834 109.051358971935
-7.34437844485276 -34.9566202248982
-11.0116326501976 -29.0374179673734
28.8322758188102 109.323828250193
-58.5341070089861 16.3468328955843
-5.63587685784106 -35.9328386496572
5.89443162126208 35.1223415179939
27.2029375960161 99.4520682694652
23.6397620535135 99.4896582158877
-60.5925716290872 14.5270283972904
-55.6934536017193 9.81033905725385
23.5591408595836 99.7693994442717
25.2097443985313 106.937878228924
10.6747515564905 33.1608484741944
23.9150932896756 104.828140641415
7.28186579878462 33.791812125799
-53.6456859851067 13.2421057887696
24.2818345718691 102.174430877949
6.69831174448551 39.3042507735353
-7.78640215340479 -32.9404022614901
23.1286888442687 94.6292846682143
7.36668322456273 31.966189339191
22.2492026160085 101.669756048834
-60.7389839180842 17.5109189031394
-8.31821445770895 -31.8772467095777
21.2581305120704 102.675705401859
-6.93157088288025 -34.5891604349329
13.6232569653154 34.4658135545208
25.5063098391133 103.797800386979
-63.3494016864252 13.7101822726097
-61.45530913079 14.0581559889035
11.0931178403741 34.9666582167972
-8.99940643191273 -33.957397316524
-54.905439074843 9.22441273113191
11.2950989741692 33.3691865163452
23.5044419735118 106.919845913539
-55.3804957616772 8.76974445436708
8.70636976960387 32.3017749973319
-63.7678611978962 16.3417016106004
-8.15646141598304 -34.8515338027332
-8.91401764934549 -34.8422022706113
-58.938824485853 14.4165897276613
26.4605508517406 106.390864456355
-8.62427238365425 -39.5635602627032
-7.97729328828331 -32.4034341234952
-7.30955989661189 -33.0721262462408
10.8380431257774 34.1205542418412
28.0601097158603 103.07024121377
5.22740874978788 36.8080321621898
11.1614865157612 37.7143286860032
-61.1308484352513 15.0413820769233
2.76347936772465 38.174573826385
-59.7987481024657 16.591301056083
23.8767520479181 104.916390018685
-6.72156599291116 -32.7260556092087
-6.6216208404181 -32.6137083701602
22.0733445368336 104.972826568258
-56.3004365327051 18.0388078017822
23.1873251926231 100.395024745383
-7.35533743069109 -35.2819584857725
21.3875426914549 107.259515832161
21.7392654470715 99.9517750028215
27.684157054882 105.129753972558
-59.8387425646051 12.4002574749738
-62.8641558123845 17.4953378673873
7.85425508006806 36.6316864162741
24.2188380485871 100.28678046053
-7.05836264717457 -34.9924357131285
9.71947246428129 34.7288118599915
7.13864245680516 36.7183919244684
-9.51922366344118 -32.1448477496465
-59.2319201782236 11.8801749420261
26.6509810639566 102.54967008492
7.15862633348158 34.6747917482842
6.31423037897104 33.5162740408956
23.5830632554477 99.9409779028325
-55.5976384945219 13.1537493256002
-7.20711948709634 -35.2589086689563
23.6726429314391 105.061719986501
-7.65024312906989 -35.7477396086116
25.7028017662882 100.213279968058
23.4460840318593 99.344190483699
-61.804081331186 10.5837542385073
-57.6010191130488 12.6564048332957
-6.87881032040097 -31.6623581034034
-9.54471655646905 -31.4545210223479
25.7511121962836 102.660236209359
-62.3928079282728 13.5591333225231
-54.2302151619161 13.9110704463235
-59.913039872775 13.8189292708039
-59.065011925303 14.3484200136222
-9.62667158394552 -35.7658876510183
-10.0441577128326 -27.0841610068887
-8.66862193436172 -31.5970079279315
20.9461961128021 98.9705190197562
-62.2401299116424 16.5993993106215
-7.2804702874046 -38.0550146472863
10.8834810356199 32.8227812686811
22.211529435117 100.759750195791
-7.12730344475102 -33.6362289263358
24.3496351377244 97.4649350594892
-6.48709897702383 -33.2804708443168
-59.7868840239801 12.7960962461486
-59.3623759495231 15.7746690994762
-8.30212674046992 -37.7580062796131
-8.62765482040696 -36.8091389187366
-6.84119181468421 -37.0890919244098
25.7426797527991 103.08919563787
-9.09992211504526 -35.6423766065317
20.8948122650389 100.170142303077
3.89312468915903 38.3858475262462
8.77086601407277 32.4448920203048
9.44448392539529 36.0066859187372
21.2608382181935 99.868297496246
-56.6597612449087 16.0061494733396
-8.82040760056183 -34.3819663359983
-6.15424189238488 -32.954258490014
-8.13005632500091 -35.5900133488295
-54.5768821687719 17.308329579757
8.79407021033728 36.5956524565674
-9.54236900750017 -33.76593259901
11.0149597867003 36.3286561463147
10.2987343193272 35.2630190879834
-8.00846391921976 -35.718159888046
-59.5920110183547 15.8555581444074
6.60032440623207 33.324087634449
-9.0071980568574 -34.0442211908074
-8.60295626136911 -33.0397657356703
-7.4716559818805 -31.917942875997
-9.01326945807677 -35.1879521576756
-56.2360348296848 11.5854135708244
-11.4337887104749 -31.5828688630855
-10.3797966848589 -30.7500532626448
-8.83756647976242 -37.5263616321012
6.4148483378929 35.7413778170061
13.9621389560704 30.2038105792024
21.9373321147587 103.178885619528
24.6738930739606 102.483000246189
-9.93558965803824 -29.5701087056402
29.2858070334103 103.818248426484
-63.1535370166893 16.3552232896179
6.17711632242615 31.1901266755028
-6.43298848271568 -37.4385356252912
-65.1173472736669 16.6856952367046
-9.81260318002218 -31.5111097963035
-57.2435686125265 15.2898038765595
23.9645346741298 105.502299784681
26.1923599046582 105.692832856015
4.55958043109123 32.6737385795044
24.9035444537666 102.456188096666
-55.1455319985218 10.2297955330504
-8.39894528587588 -29.9564703936494
10.3289036378044 31.5176933701828
23.315665107352 100.643309926404
-59.4950020143226 16.2997486913611
8.75127819286335 35.7215677071375
8.73949270621734 36.1918542352046
-8.52044445846099 -30.4116092373043
8.42878121519315 37.6781983247634
-8.80312424286083 -32.9974314140621
22.3114645526548 102.061667768597
7.37607287227296 34.8178234450224
9.17673419720453 30.7813726264868
-60.2311031754244 14.3380454889681
-10.1631042624085 -30.1713044692118
21.8543864998436 99.846910624606
26.7736102577821 100.046480728363
15.8657474944327 33.0580784935459
-7.71109882226412 -30.9822426534414
4.37140636529432 33.4947380303557
24.6254127138828 103.155579623938
-62.3079455676629 11.8550563477983
24.7018348020553 102.800861490828
-8.7214944366091 -35.7151136154149
28.0507141803 105.048502057731
23.7863655254517 104.271359514448
-65.2642247720033 11.5834279043839
10.7247393340805 31.7924919243387
10.5415539606062 32.3198616505281
-58.814296445235 13.5491388998041
26.5460673517267 98.7560455550245
-59.7450626216492 16.3099133289835
23.5716112755983 98.762573175957
-5.11686937168051 -36.175625391661
-58.9560311637842 10.5603433780751
-6.74680245878269 -35.0506152078618
-58.5702648294511 11.6405391278144
10.2196505581906 31.5361317617251
-58.142208233232 14.5908461094643
21.0942842692147 99.8675651349903
-7.35599954495113 -36.752660294585
-62.2723088652677 15.2914608566507
-8.7189307445239 -36.1321450277149
-61.4892324186492 18.1812463139929
11.2790282594299 35.0696160609375
25.4864994617297 105.522637498124
-56.6475623740392 12.6906553374975
25.3303876785364 105.539694732357
-58.6487436315621 11.0924186542466
23.1076157998113 100.241258178104
-7.98409840159863 -33.7282556813608
13.6970649198333 31.5108814161216
25.520174109838 102.076048320923
-10.4586234768323 -35.7475218498765
-57.934125399055 18.0463688924043
-10.5792024834766 -35.9336107676218
-7.16805364386578 -33.4442262836772
-8.91134827082987 -34.0918110543669
8.65201995163335 34.2313807712642
-7.77844834216122 -36.7822906232976
-7.98145758409464 -33.7876673852484
24.3700461947893 102.644266852173
-10.3879961188377 -35.3406544899548
-60.2355374629453 13.581980838622
6.02149332217132 30.1879083727724
-8.7417993424857 -31.9623644616642
5.31967899304109 32.7865896135306
12.0377560103465 34.5388478492816
-8.4104185593707 -36.5705514143395
-7.22868361186861 -37.9852773521108
-58.8994985942744 8.31698720104094
22.849433052854 105.539187948948
25.5655877978713 101.228778575378
-54.6840419809127 17.7968789211358
9.03045252127482 38.1553611002926
-8.88496425304857 -34.158820146171
29.0755328591942 102.424083192815
23.2108490764274 104.087543608877
-60.9891230054062 19.0196347978167
25.9546703043684 103.493966732173
-8.74189796572947 -33.5910214049097
12.9025271516727 32.900326425251
23.7090059731364 99.4534883784558
3.11610243643501 34.7073508016233
-58.3734819974227 9.72987841523405
3.62874710660919 34.3135787542834
-61.6464886273906 16.3492648702646
-59.8358751604812 10.2457910960611
-5.17496309016594 -38.2557122468729
7.20756679170971 32.0373998518089
6.60689993566144 34.422526939237
26.6573600300169 105.586092458095
24.3489759550917 103.532246958211
-8.31346716450464 -33.7957585029996
26.5571104590537 100.944008224652
25.4479387960664 99.0324559741449
24.8849192533644 103.358016528708
27.7561136111827 102.882049433786
8.5753131683245 38.0264344264996
26.2480818128282 103.81871200237
24.6147366675101 101.657464603042
-59.5478023047496 14.6144735079939
-56.3416073514797 8.38361782560516
9.33870511180625 33.3493900551934
8.73856299837329 37.9875272238247
-61.9193678878424 15.2447196287248
10.0520780864842 35.552197824711
-60.5806407834957 13.5336936988264
-60.060083865976 18.0511331603219
-56.0489470513375 10.9931944034478
-2.5834744202862 -37.2952669664047
23.6835208715072 100.92114229323
-5.63220590677116 -35.6925087092381
25.1227062631057 104.477246249867
-59.9707638139573 11.4615954902792
-58.805761797764 8.97800497126632
18.8658968546729 102.338017970851
22.2063298365195 98.6319076999578
7.79268165693143 37.2075200613069
-56.2388776858182 13.9205684476263
-7.97587657053424 -34.9143834408777
-11.362427248083 -30.2139986497057
-64.0384428276414 16.576870601685
20.5524198956353 100.533822169485
-7.07218880203281 -32.1506991716808
28.924658206721 102.60802893068
11.5441017420591 36.7885231409069
4.05188049251071 31.5707038072153
25.8380432632572 104.034432761973
7.96940179323082 35.4349589812103
25.8022573246483 101.263832449475
28.6200790260473 105.00295415176
27.769182529099 103.904565118794
26.8559710027173 96.7448099906965
-5.08761869539428 -36.6336262731393
-56.9951648367291 15.0318125840174
6.62138474282773 27.7226047087579
-8.07737245946506 -37.2082377589449
22.169482130687 103.300050601738
26.4622401312186 104.920928402089
5.33105481358321 32.8910568475879
-9.14553081437556 -33.4923825032321
-58.7552937590398 17.3049304283636
-4.75244122169559 -39.5182476480307
-9.19980903395573 -29.6881235918631
-7.36591780201083 -33.9034343577888
7.08225797304106 33.9349040912596
-11.1348518233919 -31.5207596673448
-9.42525985592282 -31.7204604663947
22.2909843884974 105.716704448653
-7.86971754135837 -31.9065334588565
25.497349458568 98.3332253342184
-59.0641071567758 13.2809636539703
-60.5967341038714 20.7285648345381
-59.3738703030422 13.5482951084047
8.29385063983198 34.5790596950972
-7.95039637585867 -33.6519519815311
3.46296148250158 29.7666557999241
-61.7459426783684 14.2380112429514
-55.9120830410883 16.7539543087941
5.30973570934524 38.8136350384893
22.7511975733004 104.019456266849
-7.1198150853346 -34.6743034419126
26.2201662434335 101.44009144702
-7.11814022305864 -36.6443261575487
26.5640557367724 102.344568863819
23.7507281235687 106.370817028758
27.7036197536315 103.953630813783
-56.3568043977611 12.5434083822421
-61.8565837877594 15.0536247181127
11.2590402755247 36.7816810807631
25.7133675103391 101.526001984275
-58.029154152131 12.7266150725415
-58.0488164516806 13.0556240628895
-6.88159882805511 -37.4381156815228
8.06573045591296 37.1021159704838
24.662152902358 105.377120153842
-58.4147632945073 20.3970569432264
9.05473834223412 37.2805553793674
24.5293497725469 102.54844129589
-9.73496975832287 -33.177163545008
-8.4406337296281 -31.405924109553
-59.5052015015787 12.5353508655595
-7.17437873443517 -29.7720227302819
26.5762663913585 101.675663700643
-10.7534909708356 -37.2224281124703
8.08037397501317 36.5088549462577
9.55761150854688 33.6440949948615
-7.4600881813603 -35.6439822279227
-61.8626687683763 12.7548573415342
25.9476971274652 105.848266393584
-8.86215200607823 -35.4501448916461
24.3462105215456 100.260355451157
25.2184309205079 101.865907619873
-7.96288398642469 -38.109993034826
22.4887524599499 102.028452428014
11.2517931565533 36.3058508408364
9.53520298684373 36.3524815315445
-8.49819920803814 -32.9648550966877
-9.67925492131658 -32.7014489371281
-58.1656383308524 15.9131419828923
-57.4459799148329 16.0508636653692
6.20619009283 35.949126996651
-7.62884073967486 -35.7810380431687
23.9380675902777 101.351643724757
-7.54236276555019 -34.4864234099395
25.6951321118174 104.255605529667
6.78169965845696 30.949802513675
23.8769806761204 101.359831983636
-9.92550729501652 -30.2608607717351
-10.5039961426412 -32.3898333267477
26.5111643606263 103.785699953575
7.79012660530477 34.1583569919532
-7.81783636278634 -35.3097106753413
6.64819521739163 33.8867782063966
-6.88024786678782 -36.7605550233702
6.60739654134293 30.6127416937736
-59.9959115054121 14.5368489646482
25.8103567016983 103.1454510101
-9.06794809427969 -32.195999467562
10.5708229170725 37.3769488369928
-8.05865696560824 -33.6536133620291
-8.80504721019845 -32.4344491436153
3.63991377887086 32.0213856425375
-59.9362619541923 10.2393244280794
-64.0478872959679 14.5203328042291
4.43544723824802 34.7530873769886
8.38862764459189 32.7065078241666
-9.9783383450708 -32.2561531079943
-58.0476569438051 12.5780498451992
25.6698854539999 104.946630108399
-11.0319826131267 -29.6546297457958
-6.66562660458735 -40.2548772494618
-59.42722196133 11.0358316993193
10.7719815253997 36.3453966308388
-9.8373952667557 -33.4425099917124
21.5278707027041 100.584499824322
25.9003130879784 102.105806861468
3.03492959819943 31.1901193043191
14.319091246034 34.5360625327619
-10.3108876403745 -32.397109000757
-56.7433000603174 15.8671624880772
-62.280683238447 15.1048070753282
-7.85168764056547 -37.5333733394915
6.02379706868274 29.7771570543134
-60.3371922864593 15.6921833240106
-10.1689706093635 -35.9148455164936
-58.3658432540007 17.2828625628056
-9.0399158101376 -31.1561455136158
-56.765232231032 15.2389701758092
23.5807700948178 102.018840612852
25.928647559487 105.973324159072
22.4662732747941 97.3616748133387
25.8344058356484 102.22261437612
22.2024410544042 99.3678753460201
26.0103577461015 105.999687058891
-7.59595409391999 -30.7316426610048
6.35358111751813 31.5854016275508
-55.654758639538 10.7451827479683
-7.55654803528941 -34.7307149375341
-53.9463285524955 9.52163352362279
-63.4028134779041 19.4867728731228
7.19741539180042 32.8494459695728
-8.40662837369221 -34.6533613764067
-59.6249885866557 15.8867116581011
8.64726056127908 30.7254121736659
23.7391031901063 101.27387213109
-7.65086319792098 -34.4288936001515
-55.0008196544204 10.1805738116762
23.637281682081 99.9404632523573
22.6182554355494 105.909292205791
-7.17831790709744 -33.0925839993438
-9.154057345865 -32.2001697502989
-9.33363790269912 -33.6551838562766
-60.9971344916351 17.214259803027
28.5916382175775 100.884951642844
-7.39188786823417 -37.173588882741
7.86709606065896 35.1395101662064
-59.4700678016051 13.5759747355949
-7.54438305922434 -36.8481166546281
23.6054704562842 99.7313036097854
-57.224601698756 14.4261666188106
-6.3095154772233 -35.5300980425705
-10.2448389151725 -34.8247142702796
26.6567544793042 105.150825296996
-59.735385570651 16.6576696965
24.3866439837753 106.328349246741
6.26046548574347 34.2259674187155
6.43608658512977 35.676970928428
8.89682993275394 33.6995113377571
12.8110700723935 37.5672807380201
-10.5274123593066 -30.9763654275045
-9.63100977106498 -30.4887014169219
-57.6285215993739 13.5168642399027
21.224462717654 99.6717819478689
8.14904124770237 33.2439500205806
-56.9071011794062 11.8492223045305
4.01429975972353 33.2591677889974
23.8676946521033 105.80486156394
10.3185385146963 36.0662720621912
-7.09397429764957 -37.8101547590289
21.2928401070248 98.5467626271978
-57.5561124383522 13.3246775497951
-60.931479685537 13.253290256292
28.2165360960087 101.292458987793
5.78946723295366 35.5936952869751
22.7492861316982 99.8763449655686
-7.83420822822714 -35.808327211759
-55.78527565021 16.4222530124144
-7.89623413567005 -35.693352268366
-8.54667216504636 -32.4673614306019
-10.7721113518528 -26.5447795927064
-59.4970083121488 14.5083493369933
25.1417049981568 102.651866226923
-9.37729381553913 -36.9695447683589
-8.74452161968342 -32.4954328246243
10.8052330588186 37.0671591248067
-7.84936945837957 -34.8984932982446
20.6067946744428 98.9797809351291
-60.6158459766608 15.113793935896
1.3143522183008 32.4803526438816
13.2415952296024 36.3902346988835
-60.3282450859262 18.3843133805879
23.6141423349361 101.125708512226
7.81545389159436 33.2309193695479
-63.4459734398481 17.0586479132753
10.5294420731766 35.1397199232321
24.1675209072889 99.4907898097992
26.2308422892075 98.5594693783782
11.6814571105279 33.9500065797556
3.96599919096803 39.1441705046455
-60.7308296076185 16.8985300974719
-6.51258557172795 -30.3348326754872
-9.73769072291539 -36.2890521697966
-62.3334395241128 18.6898578886508
25.3105992081607 105.577786525142
23.7196967406416 99.1759975339314
13.8855014026825 31.7148962377672
22.7956886158514 100.469728201688
21.1786434239907 101.93181685485
-9.79313146232852 -32.9019747749399
-7.7624705622139 -35.9559495806202
-57.0588102871511 15.7062122964487
28.3053647041984 107.921814071917
-58.4738277637887 13.6043554875951
23.7832883824425 99.2650414152352
-61.0323302643893 8.61743046217638
-55.9230416422373 15.918131285625
-6.95390973096098 -37.6570803759612
25.8499965789865 98.8501508626268
5.71463542727422 30.2100635822284
20.3167796594345 100.457258342875
-7.63537899112328 -33.4003748653981
-59.4798024986136 15.0566728895858
26.0011521472615 104.892133957893
26.3279970331932 107.173632786253
23.5850965415708 99.6383837916137
-56.7874966658572 13.5007471785256
22.5439670481632 101.026981854933
21.7906245226214 103.625986839403
-9.04680731535973 -33.3537311086077
-6.55546393481149 -35.3443632072989
-8.8621045395704 -29.7537433470009
-52.3243324806872 12.2757006504882
4.21416370769027 34.1199684498436
23.3926688992488 97.4479980176138
-54.8839611794238 13.1115625225328
27.9421767130715 106.516525904526
8.49772948740104 34.2994353299604
-8.79274407152001 -30.4661539484901
2.46381359687339 33.0644825002922
7.92396328072934 33.699843404161
24.3969827040424 103.269593845974
-7.94894301028083 -31.3053539118304
-64.8793738455969 12.9970927394036
-59.151303888606 17.1465042611342
-56.575153454379 5.918170036062
26.5388573339558 102.439541216614
24.3584406631282 102.415522316545
-10.335658437956 -33.9101421346451
10.6667385595609 34.1685541315693
-60.4857752530055 13.0834353691586
28.5165792681174 102.485401728748
-5.91071214647932 -39.50229958328
22.9100776824327 102.32299220322
-61.0498875403301 16.0486480122913
-8.13392272757813 -32.3970352714978
-6.73871971075608 -36.6819223270853
-57.6633509276482 8.77201458003367
6.853931019059 29.4496957397506
-57.0853675151205 10.9512973095979
26.3113158071517 107.312818665269
-9.51866860742001 -32.238584059914
-9.53040639291267 -33.2965815488982
6.64442961076588 36.5675349408248
23.7324360142428 102.796951348213
-57.0775380463304 10.4147185096445
-7.72909874353635 -37.0875985930689
-7.91859828131455 -34.4376266241126
-5.0502292855653 -34.7329996893599
-7.69278556188037 -36.3353978555922
-8.0406872762912 -38.7038236278461
25.5594161173315 103.341282058857
-60.2684346907427 16.7080758083727
-8.17875329420553 -31.3481010085882
-55.7354000224154 10.739729938813
6.85161463821906 38.6589949899893
7.21869894436571 34.9206358424646
5.59354829537947 28.9647214770095
-7.66574786077992 -33.3941320733152
-7.92672916484274 -33.1607006543445
5.70057701357676 37.5975562552343
-58.3039678208732 12.5789985296658
26.1880916445059 102.314528133171
-56.8984340348984 13.4743252458522
28.9124030810678 104.595495894173
22.9395601771441 100.202864638851
-8.70547734323158 -33.6314377085292
26.6172801309383 104.814758694971
-62.9251975073287 15.8473151168701
25.5165824453723 103.028705780175
-9.60796583390099 -31.1942649800323
-58.8618918238711 12.9315778198213
-7.28081090312856 -35.3660283810844
28.0078236783644 108.165943002837
-63.9373271380426 14.2249104529311
23.4089545377482 102.760566124346
-59.0015349858134 13.9102275180495
23.9093998978042 103.336705766099
-55.4801730362258 14.655859443713
-7.97356189174353 -39.3541212754408
7.38779385591165 30.235923263354
-6.66751315817247 -33.2520984213525
27.0534343448569 107.651557075402
-58.7161666520782 11.4920376602973
-61.2730101840488 12.2571501164341
11.2946556662499 32.6772608278213
23.769658101897 107.546308856299
25.5538903290435 102.115919490131
28.3812415505729 106.893679706938
-62.112869920465 18.4556541984387
24.778562848011 105.458516170766
-6.88891371262459 -33.4899662070409
-8.32058408829724 -34.3413043839404
-58.9828075478113 15.2607315705211
6.25213358142421 35.7540068756416
10.6489166691774 36.9676836290991
-63.8770158605369 15.2178945720724
-8.45501990206167 -32.0274476734159
-6.9817353667151 -41.113744104538
-8.22219778808041 -31.053791913482
-58.4912595572237 14.2556912360599
11.3456002911507 43.4742634675002
-8.1905894136112 -35.3166579197062
-58.6628871421284 9.19634159184725
-60.9565223751767 14.8595286840344
22.6149168145758 100.015037999138
23.6643170658654 100.068458983706
24.1504579414882 102.133806302859
-10.5093277698204 -27.0358301932189
4.28566660079552 36.2410623291736
-58.5261460316405 16.105752711198
-59.7578310735733 17.4357530397757
-59.829867937062 9.97005295889974
-63.7029502142148 12.7075804024418
25.188555980362 99.8127194564333
-8.31700435963346 -34.6966064981175
-8.54308940326282 -37.5408063624259
-8.98200119434916 -34.8214636075949
22.8934838468785 102.00847109604
-8.14349054365024 -31.7805103733821
8.91728063360508 36.6232389048546
-6.18780461458752 -31.5858000464268
-64.5717856954872 11.6041717777657
-58.1653284781034 14.2139483743636
-61.0506171636363 16.1583156102601
3.04084397841312 37.8849098181369
24.0299406159931 105.812955444866
6.62983551073159 32.9151768477962
-8.75026257701431 -31.8078992300031
25.5299565467629 100.423198050695
22.2914095600663 104.132694629266
7.42775887304513 34.9497442003282
-8.21749622491401 -32.2857404450081
26.1867819796386 103.594450769949
-8.03431040471394 -37.1706020164875
-5.34310789194292 -36.8580269369819
23.3238805104444 102.19484465864
-5.54784207340669 -36.9264411616386
8.43574222956775 35.4973969172127
10.8240677746387 31.270422436711
-8.92578790619268 -32.3319104661763
-8.43809800757337 -34.6569654517774
13.7204203507146 31.7388021614839
-58.7483299290439 8.45824108172046
-9.90327331604686 -31.0158331422215
21.7524554134012 99.8683992088598
6.48971011849977 30.51745709611
-63.6951316027639 18.0361982599751
-57.5502618997827 14.0332996240705
24.5073616382139 100.047118604633
-6.03396929666852 -40.2130812373312
-8.08776487840689 -37.8838198766298
24.141476356307 103.750200024295
-8.41331564442021 -36.1040353883948
-7.25273761817092 -37.3496442403173
5.54163672295159 33.0683147824734
26.1572324979392 103.066416429182
-62.7036912449001 13.7906571203306
-58.926721174701 14.5327621180278
-5.96348703033646 -34.3352228177038
-57.0788178712085 10.8422382364072
-67.2995940428753 16.3086201766431
24.1051992979547 106.643156446214
-7.62566739868973 -36.0714876692122
22.7077245681925 102.962922822112
7.98637199796351 34.0586846472674
23.9503039630391 102.765070255982
22.6653957124317 99.8243401906526
10.9205843182265 30.9571659222028
-7.5191423359065 -38.4424176489604
-8.95056751342986 -33.6571118367446
-59.3882566020519 17.0285259999803
10.8293145583633 33.3623698281376
-7.94026927049302 -40.9856155421705
-62.4327535949014 11.9939781595485
28.4362223839038 97.7450902882334
-59.3628380189608 14.6114120745492
11.9594914261362 31.6924296370384
26.6299716572553 104.341071279758
22.7427625282521 104.817171729582
23.7523478117154 103.033597880179
-54.3068185596029 8.75545474639328
-8.65062701086316 -28.0502676457322
10.1924873949106 35.2153238887455
22.9828422982259 102.002426728037
-61.9534723747489 16.6515768121382
24.4455891562608 101.967674086942
-11.1599851956547 -31.9755107128412
-58.1895638037494 12.2433567026061
8.40182352579754 32.6478077139897
-56.2835473728923 13.9232323778974
-62.1794213613463 12.2605936382866
-8.99855939785377 -33.6343778285775
22.7052850468244 104.767404164102
-4.8573744293997 -29.1986548311529
-8.67586445825489 -33.4274768764297
10.8052676803322 35.0718431289405
-9.69950672905081 -32.5618779267814
-8.68455916743933 -31.3467725849418
-56.416349578866 15.1899061653759
-10.2410599160834 -32.4566245375254
-7.07082103238244 -38.7652865400517
-10.6999670358695 -36.4606538042461
26.7122957144758 103.537077060446
8.34441464523816 32.5575605625659
-58.4779846131687 13.0223077446006
27.0795211877414 103.794586711707
28.5656147166044 102.734776498032
-60.9486199969597 14.8932532178388
-9.04066245087187 -30.8953585506502
-10.0195239894662 -33.25300007718
28.9858084657013 103.594120911248
9.84374832573605 33.4650996281921
24.3114035764344 102.870205738578
-7.59226209605588 -37.7999457250597
-58.3043244264466 8.14495143339284
25.9132115693056 102.828757026566
11.9381939142115 38.226849749591
20.5817334080321 99.291315811365
-8.58368857755696 -36.3895831120678
-8.20334572613917 -36.5396339247329
4.17267056675947 31.6052500650119
-55.7313109604243 14.478187525162
-8.36621839878216 -37.1996609767849
25.5858227469582 103.571909011239
4.94234267372231 36.6114942704413
-61.4111228500194 13.1876098681602
-6.66333126431456 -35.9330760269533
-58.6120745546995 13.6387968414417
25.4130447027114 103.862341481892
-9.84310764220295 -35.5596128156015
-55.3173393686742 9.19322752694571
-59.0677371282433 16.7726821615031
-58.9675740850826 14.9755068216814
-58.1038640037463 10.0232429207544
8.16061384452692 37.3073500902154
-11.011425359212 -27.091192923632
-62.5063899806064 11.3573686930255
10.0296032924424 32.945765909158
-10.8913205807936 -30.1937779758618
25.2491570795752 103.871820814129
24.1914926806308 101.699631418659
10.047567403539 35.5029277322337
-8.0856400726723 -34.9109065515882
-61.9290601763287 13.1684905124433
9.26012331712752 30.0952559605726
-60.4076270700253 19.3260459022665
-59.0201519468903 10.0864845782709
22.4023479155 104.772880222221
-56.5509745075254 14.9864729315498
-56.9219999675104 10.2994128097979
-7.41946699359126 -33.9171277744518
-57.567804337006 13.360527774616
-6.83630902227453 -38.402265209264
-62.6956937898285 18.3349294583525
6.23184735611203 32.0077730579854
-8.1710624416531 -33.6989649361207
22.8568895745873 99.4967148207182
24.2782302984557 97.6321144488268
-9.2937590743625 -29.464529825841
-8.81686937178227 -31.9556828093294
10.5165301577042 32.1165621496188
9.58576754746554 32.8000728845094
13.2421712351499 36.7265229123578
27.7637140574331 104.157666283435
-56.88516964379 13.6034061869063
-7.23031350709206 -36.0519873464646
-7.73488445077674 -36.5555943087184
27.6797076111469 99.3868817028307
25.2584126728257 100.909056803981
-6.63292197959732 -32.7467304437527
19.9199666676916 99.8777623160702
-7.95871555730349 -29.7615752525281
-57.6189493837325 14.9278577832049
-60.8315564609956 14.1504381331045
-59.4051733917469 13.7781978765402
24.9674676674189 106.757090452971
-56.4752748449639 18.5470326471114
9.45262050752664 33.7591931332153
6.60563911052929 30.3868528729513
-6.80068015338584 -38.1640821852975
-9.69934952721299 -35.4684440401881
-7.94867089146022 -34.5750849714027
-7.18895005114372 -32.8574832788397
24.0357845753545 106.378548009037
-7.73212535398213 -34.9912055580777
-7.91105455840644 -36.5474052815068
-7.16433252546397 -36.46429578895
-58.8866668012168 16.7038401665249
25.5169859414729 102.159137558167
24.0594983440872 105.766852735121
-8.87034736226517 -34.2544402707965
-9.89753474305058 -37.4839561755209
-57.2065147245116 16.3236821298934
25.0907386529327 102.782907808356
7.72584573632598 34.6752677576547
-56.271096292034 10.9760318967016
26.6519790640349 100.786400317765
8.33401211608618 35.302898909868
9.06030115630438 32.8968566716114
11.8104606291196 35.1230162416179
26.8366600949948 104.630298534758
10.6946566940277 34.5825706240073
-8.51667560763862 -32.1141613357807
-58.3592032033939 15.4246711070701
3.84100222446461 33.8456109275184
-57.4004047311241 15.5436682621204
-57.3283246233257 16.0628252119211
-9.65178312096992 -34.814157412576
10.2491025128733 35.6735247276341
-60.0378095650756 9.6154969830366
-8.96395885831709 -32.0230301507913
-9.61360054416104 -33.4669854291564
13.0043129459722 32.749626145072
-8.98571031668956 -31.1368868771214
-53.4080204569978 9.59268537233994
7.22310122877546 30.3765298115379
-59.465107674573 12.9263831876699
8.2686772439849 36.1451957945706
-58.9422163908339 15.1967499431136
-7.87217714323583 -31.0196070317138
-5.76147480404778 -37.0817888695124
25.6731582854361 99.5047367458135
-59.3487753285348 14.4688332462486
-55.0173963225848 11.2181462163183
-6.18523035976828 -34.7793384993861
-9.79975591720575 -33.582103285929
-61.781677540693 14.4481839364571
24.6452638406317 100.236953962197
-63.7271054907342 15.1276448704135
25.7335827627487 101.710727413188
24.7707739452038 102.263936151527
-56.608607054784 9.82997373373651
24.6287181183873 103.965988380905
8.50941022505998 34.1024208625154
24.8198107285002 105.595604970227
-9.25477283963918 -31.7820141542635
-10.3514243299663 -31.4224636579148
9.78428395416403 30.5257238290671
-60.1703077167358 12.1282188392381
-56.0582825104889 15.9355080694454
-56.9828713961939 15.0658238776774
22.1854775659378 102.881578547835
24.5263573833923 99.6150356339719
-61.224676835044 18.0514732626115
-58.5119137082356 15.7675227208516
-7.23637228772485 -36.4644137456541
-6.98241081045205 -34.3612838757692
6.93948858761 33.132021328727
-60.9207685074956 13.6195820336129
-63.1584370338978 13.9636989288287
9.11100655594511 39.2564711871875
25.8611973665877 100.770682635291
-6.90802260605041 -34.2349210771105
-6.77733454223675 -31.9497750591204
10.9196625776028 34.963079321877
20.4162535468782 97.11540830806
-8.8808489425213 -38.2175732066716
-55.0650854608486 12.1526724653834
-10.665115893517 -34.4342910906481
20.2871438819394 98.9599530405738
10.9738447063585 34.5473801889305
-7.80380137347767 -35.989111824205
-10.2789787858611 -32.5549635459
-9.69783900909687 -26.7496864222108
-59.355516061973 11.1722509320528
-10.0043674639 -32.2548660405357
-7.75903517504114 -35.3750122821448
-64.6681249451506 10.8654891819145
-61.9309539153879 11.2067601452145
-59.7759740045707 19.354575242958
24.2059094215339 98.4089864926357
3.95027632811067 31.6323214661657
20.3690416324916 103.209025559923
-60.0760942504218 17.8914384102516
28.2130425869025 103.641194824327
23.2587174544195 98.4344090966612
-8.87061459133784 -33.1602922595145
-63.1874741303508 9.20600823231679
22.4376074489716 102.075250925098
-7.88629891727779 -37.0889683164887
-60.5783371668306 12.7839933985736
-5.66627650328189 -39.2425027519109
-8.10522871622966 -32.6115180236803
-62.873721392255 16.8476556978012
-61.2885140988496 20.6689288207437
10.9957225582992 36.7647206687833
10.0473228993988 33.307300409594
-6.16402421053486 -34.8195691257226
-65.1200753749909 12.6510822135471
-7.16819195535105 -33.7637449602756
-56.7953719064013 9.78150184218254
-58.3879823468234 9.54596425846131
7.11484709680934 37.6635319845996
22.9674455419809 98.2528700761979
-7.14947573688154 -34.5511914986087
21.6232506570243 99.5197276488653
22.3893385803675 99.4784611142501
-6.60155002446835 -33.0865970663318
-7.96589230266429 -34.9071952753305
-8.34761945866174 -29.5569858736501
21.2062915690946 98.4778708993491
26.8071587049612 103.681348686612
-58.2965736965801 5.47599202166071
23.7410234793918 102.014747781236
-7.0694155857556 -33.8893523180349
-7.54263740204239 -36.7705204646147
20.754113101552 99.776493048142
10.7091875620836 34.1038645914423
-55.9840028656368 12.9638516191023
25.0217166018811 108.907845103296
-6.44608127924491 -37.7460792609748
-59.8873351765846 5.27708427926878
-8.31751134688283 -36.2717314215882
24.0778082639461 99.8141201251151
-7.86963855078818 -35.6548127629309
-9.04068644797957 -29.4489409709439
8.06451299923068 31.5290346401233
-8.80751177418115 -33.9105774075564
23.6952918741329 102.077852067292
-7.03366235229827 -36.5970819976051
-9.76893808777255 -37.4127343114198
-62.4284122754724 13.2771035096741
25.3585335093857 104.085847478044
25.4037909081058 102.255640797134
5.50968018458704 35.6008417044849
10.1374531664559 30.485365747728
-58.2269402371145 13.6179108754951
10.6182360173304 35.9058847402928
-58.2208705675885 9.75579285680833
6.72804317019194 34.8283550702165
-54.9090066064203 13.9189600123999
-57.8013278064211 10.0744226649204
10.0974538054224 34.9477984425136
10.6620907317279 38.086009118024
-57.1801560819531 12.0095465337269
22.8801062203295 101.737093580778
-6.28276482540123 -35.9849294405214
-9.53089974634641 -30.9831830669797
5.59813597850497 34.287930181138
25.0346331627364 108.163457816369
-9.82020541753122 -32.6524633176837
22.493510337752 103.48079959147
-59.5902895186627 9.01773742318667
-58.1699504489283 18.7422807336214
-9.67128223617655 -32.4270793678998
-7.46774427204642 -37.7478573659974
9.23257446657509 33.6648074711289
22.9315993523152 103.677652469805
-6.68598971653832 -33.2456338751785
9.91532410533433 33.5882572030594
-8.29468466344634 -33.6030884247509
11.1059853628303 36.879705237981
-56.3483760676561 11.9908979317934
-6.72823846012373 -31.8240328896525
-58.521901513692 10.1041821291535
27.2490278673098 103.350428804809
-62.3947042621831 19.3473910727578
-58.7855888735929 10.0157161596375
10.9581805309262 36.7516051861222
-8.38295120316167 -34.3537106455913
-61.9778125890982 12.075824442994
-6.93074591434428 -38.2967281567049
12.9269798767672 36.8496159327898
7.11089127038319 38.6965065815258
-9.35945367597655 -38.5873826503514
-7.42837699418773 -35.2283210736777
27.4860625158214 103.387345991157
-56.9586851678412 12.1415823607235
-63.5187391166937 10.2084918582753
23.3333583270219 106.427488033859
-8.1699440969705 -33.0358394105798
25.0844580300311 105.413697888106
24.0037320896195 103.647715987594
11.0555799789531 33.2677620537103
-6.96245639446411 -32.8343721581186
-61.1222855759465 12.5967035868682
-6.75585713629474 -36.1698159330255
-8.76283073988161 -36.6421024035596
-56.2421034726169 15.9251450861292
23.9001792554 101.258989803356
-7.00498364084933 -31.7892716069109
-55.0148550116443 14.7231635652976
-8.3946163751575 -34.5159871186747
-9.52188193405125 -37.6783045715277
-7.19992358543179 -34.215975957607
12.2266334765805 34.9353725841347
-7.25725575591272 -36.7371054661465
-62.3159034793416 16.4679092163373
24.4364060747041 100.677402337625
-7.49587969104278 -33.5111998226891
-54.3650370147055 17.8894630182556
-59.7575909932193 13.30723247382
23.0401809206852 101.802233261401
8.21599521747324 33.1279846743474
-9.4208842091516 -32.6573019658147
24.9115605882554 104.712863249534
-7.02013709964944 -32.7606382802903
-61.8002977750811 12.806307290212
-56.3945190398248 17.2176501796759
-9.73054623597981 -34.6744377310876
11.4329105870978 31.0527585665304
-58.6415999216108 11.5664171995719
-8.82683186315046 -33.3519719664441
10.5460532143397 32.1976786034541
24.9075972906553 102.165566003114
24.439904122823 104.925607579088
-6.45477380435407 -34.993154832706
6.26359324577116 34.1994025192586
23.4115337195868 103.129536327644
8.54362089919903 34.3446596471222
-7.49330890183941 -33.5343062357484
-61.4124840292336 19.6044293885201
5.30173316974948 37.020567933385
7.1831160326798 34.1007573689183
-9.52521645008656 -31.2482542615685
-59.5025265839632 15.7934515746354
-7.43374503360588 -36.4362742643209
5.21362394642701 34.6866780300618
9.57595758587337 40.3052285011113
-61.7527841694565 14.1293266372579
-8.0166742081171 -31.754405462808
25.701511916418 103.324596860796
23.500201404612 99.0184792934392
22.6876642483193 104.75540353963
8.57086004821763 29.2411288696012
-58.2300901744897 17.5850555408446
5.96211751694584 32.8693886845618
25.1752135641676 104.398094591435
-9.15208112853568 -31.1417908138037
-7.31494098618502 -30.9087642326797
27.0797553214677 100.068475061655
-6.30071781314881 -37.7615374495064
-58.3981433749675 13.4485984624873
-57.710782577122 11.4223120160697
-8.69531942191153 -37.4749795073442
-10.0304888293356 -35.9659487385973
-56.6905213918029 13.5801770536181
5.65650263611381 33.8978131731787
-59.0665907277343 17.2056992588238
-62.8123651945193 17.0923318901946
-7.53523427882675 -35.0037587997956
24.5558849683374 104.851315311978
11.5789403907618 36.864500794683
23.0059168025207 104.043234288375
-60.9810212134716 11.743937797972
22.0482037585774 104.042343143107
-7.37976386760439 -33.8708575691782
-58.6089749745362 18.7089792471311
-9.65879420927842 -34.8531384321415
25.2904315198497 102.234404861896
-62.5276482272814 15.0645522459675
25.300299874781 103.128945995284
25.4867906393184 98.870099737518
-55.694466467439 14.6909664238715
21.0819030946165 102.435471274545
-62.0439141816353 17.0455980967902
-58.0413951156978 15.0348501366983
26.6585346310499 102.027228095608
26.228475476677 100.10211888137
-7.0705570432115 -32.5046960884057
-8.18246820370863 -33.977894718637
8.23413158563095 35.7431213951018
9.56820871961192 33.4835349669995
-57.307310912717 13.0120305523317
25.5080765591149 103.700891981025
4.23611228074674 34.4586092235139
4.52880193730713 30.9785968511513
-61.3412539306526 15.5292850181619
25.807860258575 100.243105527858
-6.66523754538591 -34.7972762126839
22.2415562707547 104.331832877141
-8.03344877352165 -37.1817356533887
22.9144858769895 104.270569040195
-4.8477709819186 -40.2574384818277
26.6149845547324 103.481373098517
21.1293255205762 96.8699072080305
24.2650219967262 100.724180048656
9.07606391802508 33.1830946553048
28.5933407152219 108.669496267031
-54.4557173697886 9.74783096958803
-56.3225007290472 16.1133367259206
-9.14819863029467 -33.4057742027707
-62.1971343442641 15.8880524849518
-61.6718202258942 21.3562618010458
-56.329715371222 12.2030155695981
-56.2137162552067 13.3216346125977
-59.2869526065621 16.5260085843116
8.84824145205826 34.5092803418743
-59.6976841972632 11.3669348561398
-58.8540847706165 14.149418534206
10.9553563456385 31.9610306767461
-7.25316420600207 -36.3273971142326
-57.1920805998883 17.2500358640396
-8.59175216192167 -31.3796302774562
-10.0613664083424 -32.9821390864526
-58.0512335870601 9.32421325914328
-59.0048428206702 10.7963743221734
-7.99970403205691 -37.9724568993051
-10.7711474247885 -29.9572488574256
22.9252918022955 101.23667678588
26.1584217924646 102.603886385992
-8.82601831971309 -36.9109822905246
-9.33296265043028 -36.3442249214423
21.6029685442626 104.080479594729
6.53415415320077 34.9282174007144
-8.2727671044921 -37.2886783426065
25.6242370019477 108.97585910592
23.9942412648857 99.3335757225329
25.8209508529481 104.713283245333
-58.8542098700752 7.99132975433638
-8.05739334160025 -34.6522673137007
-57.3011148446851 16.119504786396
-58.3849014795849 15.7665600477518
-59.5310509731105 14.5622190652519
-56.4406983591393 12.7859844125574
-8.83562528536653 -32.0870465795188
-61.6363891857853 14.17258385365
23.7292391009132 99.7158838783721
26.462277490185 100.755482986112
8.4635700130853 33.5706523943027
4.82530822723204 37.6331280099738
7.38288441683112 32.7503358906192
-6.84300705957952 -37.3976348290667
25.0939613528546 99.7756146986557
-59.0342551880598 15.7586068099173
24.4805049955486 106.320637333866
10.217078720633 32.9675332488161
24.9525644692533 101.157479086997
-60.4350529867974 15.8274635520165
23.3700223209484 102.131961205913
25.4479901283046 102.233566066529
-6.65260255334292 -36.2796431089914
6.66214408543437 32.5637416208737
8.60238670136445 33.5285824494463
25.5291609643342 102.26712341583
-7.52648246502593 -35.2586831622515
25.6756273627539 99.2144353585355
0.973753334443598 31.957537133086
-51.337329745262 11.0366645094294
-55.2870210798932 14.9637450059315
-7.53704446498215 -34.8666781058627
9.70996977469602 33.601391633297
3.37184133015493 31.6721896008741
27.2329491699691 101.316108872121
4.82266064344688 33.2990830824366
-8.76422509347402 -34.0889632102788
9.09242360388087 30.0281084368542
25.1505002654611 104.692899590317
24.98138096183 106.281870122975
25.6197266281491 102.604201822597
-8.22223804594283 -38.3348992651955
-61.205230076159 15.2036307580929
-61.1422280976181 17.8643375373976
-6.07717050768388 -39.5657857356655
-57.4626372159478 15.8603676431554
25.8882365490297 103.990528927637
24.5395487713117 100.136402505681
-10.0902823617626 -29.2501864508091
24.5826757955122 96.4371433479125
23.4876183845887 101.932157094559
-7.45399103282576 -37.0632440813874
-7.50223986351777 -32.6237229076391
-3.36454046344367 -40.9154477321787
-59.5674855584387 14.4446511909188
10.8714974830198 34.0610117626467
-8.80151690244367 -32.3481416959838
6.71647362374901 30.6814184756644
-56.2227653468445 12.6859621088822
-9.41883019723675 -35.4427190015834
26.5998304646349 103.965282177865
26.2387826168039 101.432271051424
28.6144171167591 106.459513251964
23.3595682488183 103.529182259965
27.3940347002342 104.030219586156
23.5224160986409 100.450487345642
27.0741255356384 103.675762864318
-57.2533356830727 12.8020070424784
-61.2153784254083 16.8807751286135
-57.4069238203976 12.3387960433545
26.0038143648638 101.059103893235
9.47897833585514 35.0898710214213
6.58589845910192 33.5865730776693
6.92526195571191 29.0904651552398
22.5115290417676 97.6257937590409
20.7819061911258 97.0988620442531
-56.8836749281132 12.6268615800149
5.84570739880161 36.1174897715918
26.5306605732762 103.917453104785
6.99443313732025 34.550971801647
8.85902314194087 33.7395458064973
-63.5192043398733 18.281159092622
4.62923457494142 36.0142028881672
-58.915263234381 11.7892037727336
-9.0950960855835 -34.1603467901816
-8.21044982959421 -34.8096757979504
7.56745923832857 34.7430618355811
-8.19307938900238 -34.0445814675388
-9.05597703439967 -33.4694961785926
22.4646059917647 99.2700201802633
-9.94390485919357 -29.3026214512119
-7.03330714603064 -33.3159155323679
21.9996519691527 102.928827818849
8.77279783298637 34.2456191435684
4.93428344479498 35.4925387392856
22.3358487702567 99.7060933528739
21.9186909860349 100.859180469843
-58.2449137183009 10.2760886853186
-7.83034856789482 -32.4705129329844
-6.22168813028232 -33.7911085900603
-6.85504759425398 -34.4491845073537
-64.5899775260121 17.5847647004449
5.7057145646961 34.399818464752
-61.0713029901788 14.258572425248
9.83987924426469 37.1542618123629
-7.59362022523611 -35.1469924345767
-63.2976032622063 13.5672596023805
-7.62659888571341 -34.796656240362
7.90125923273146 34.2899822387883
25.0425523781328 100.924095588757
22.9075993166387 97.8892002499549
-8.01826367590929 -39.0285029287516
7.82742609646798 32.4548816720397
8.86512888165629 37.6042395394955
-6.26877337277681 -35.2740820643631
10.2683135669936 30.7427311722452
29.512838478022 106.571678558999
-7.93772707766569 -32.4497012812245
23.455431681885 100.510825542581
23.9007624076716 103.616844518834
10.6856593503798 35.7436464906284
-60.5769249571949 20.8996179100456
6.70544272945256 29.6489218698726
-58.651344486741 10.7057880950194
6.66674345651228 31.9701214416088
-60.3724188726041 14.6269064207116
8.01359185121793 38.6699872037605
-9.98881652396821 -34.4897923281086
7.09917580367415 32.8869086287545
-60.2289063073042 17.6205449776583
-63.3773871350512 14.1665646338223
-56.7810137389018 16.1103723201626
24.4718487597174 103.536520483203
-58.2146760639856 15.8742996210401
21.5962051896044 101.62838642079
-6.32858839225067 -34.0399807939488
4.37742697384888 32.7831442511005
20.9197513565815 102.608479869807
23.8126037046146 101.296220360644
12.6107395836325 32.3291117539043
-8.06992465908501 -36.2818786631874
-58.1343066377886 15.1241337312164
7.00258673045649 31.9699284167684
24.3658115491146 104.679755719432
28.8848180193646 101.53563842249
21.8789506805611 103.706487955957
-6.80317075508758 -38.328457624215
11.4033522414675 31.6050552923382
26.901788811037 104.80818387385
24.1511681841504 104.81231154903
-11.3922831706662 -30.9578846363502
25.2484234541788 101.503507324776
10.9071134341794 31.7581812990779
-6.10610307592007 -39.8423299025428
7.92398932190746 37.288269127037
-7.98816829043157 -35.5172623413659
-8.21940575897105 -32.6629592060581
7.10965912394887 33.2899296250133
-52.3300551732824 13.1720630846276
-10.1133646595178 -36.5784931321963
24.2784268007387 105.638572906196
22.1600312280545 104.95118551916
-54.6427527502185 13.2949912762006
-8.60502149831399 -33.8880919224672
-58.1231376760469 18.2866217785446
-62.8662422954553 14.9142646265104
-9.07805697560221 -30.2018285780199
13.64298815687 37.3183321470438
-8.71836538156464 -29.2125849746258
3.98124115167046 37.5246666652818
22.4514847795706 100.509992869175
22.3585653474038 102.231495578562
-6.96608789245546 -32.344357187634
-6.99283197704613 -35.4754624952396
-5.06956488843654 -36.0064548538274
11.748792553377 33.9947505328427
-58.7545813151304 19.0019381886211
-9.5796041777171 -35.1245465055704
-7.90565819112945 -35.4014344549121
27.0844756605977 102.066492210131
28.4230527341411 106.118391708094
-60.7998881625191 12.2182049230676
-8.51159728501037 -33.3641605301831
-57.9032387146476 19.7627423578307
5.39882070426675 36.4127371495821
-60.160415539769 12.2769464372381
25.734769654325 105.76887450731
-7.09180892147723 -35.3367449242441
-7.16321268786524 -36.1719219709525
5.39581149402258 33.4575639842227
-56.0886478158257 17.5103739387881
24.9148925866494 102.964205222212
-54.5079251480519 10.5259493291949
-57.1978535830448 18.4654751041042
27.6406035787925 103.351539200356
-6.23605109246523 -37.062120897858
23.8996920784799 102.282769484462
-7.63762086251799 -39.4036661241946
6.97350669410949 33.8436893527578
21.3862320485833 102.620771554526
11.3009668374674 28.5253091657766
-58.3462433912261 17.7939977588252
9.68805360637481 35.3662685224648
23.7571730493824 102.327562352712
25.8778291124304 103.518117518077
27.6640970376437 101.910085967368
24.1828733236513 103.95597114739
-62.1025500277587 17.4486393693601
-7.52481325464849 -37.9969510812747
20.4413383883954 102.630728169406
-58.35147091937 10.5729525537523
5.56488183308389 31.6406737850843
23.5066747848899 103.135286776801
-11.200971937705 -26.1302786674406
-62.9350101897432 13.4060623133801
-55.9240060982069 13.3494051253895
-6.78095050055808 -31.205462627404
25.8386373664408 103.429200601856
-58.7426777411263 15.0041659492504
23.4117353782326 102.141055768805
-9.75667147857045 -35.4796969116224
-8.69339868986131 -30.452232765853
5.66031116692194 31.5086003579253
22.053596897209 106.389741851191
-61.7666064355739 15.2156086531108
-9.37959914651022 -37.0027694706431
-60.9112245075154 14.9672328100867
-57.5494037721903 15.4443661591913
-7.87092504458473 -39.6931133403863
-8.19591749202617 -35.3977599229212
-6.52758551628669 -38.6738753424962
-8.94263391939508 -34.8399858723318
25.602048238023 102.917136857816
22.2324644598474 103.738831923652
8.14853395109911 40.0714009972976
27.0778042619696 102.180966425357
-8.38450227468046 -38.9779313644895
-60.0892317757971 11.4214643912035
-60.8123406799575 18.0283716266215
11.7234376250329 38.019897043705
22.7984893611632 99.7226884376841
-55.465954354059 13.4090665218762
7.94161223188104 37.2099277658625
21.2141728813433 101.368473499152
8.7136100578645 35.9677036629889
-58.8211821994495 10.3597973019771
11.0435715734678 34.2168196112332
27.0154374855445 101.971726061701
-56.1238728800418 19.2253186780597
10.1883030193806 36.3744367612504
-56.7732483217607 14.2786610848701
7.68856267836111 32.8091624142111
-9.2900485353696 -35.1450883096683
-61.8034296342 15.7162020517916
-60.5985677339974 16.540322063721
-7.96850376959009 -32.529065980884
-60.3146086817338 14.4419236745132
24.4407260251876 102.161775184197
9.58650754898408 35.2098488044464
25.9324254464583 102.16516884838
9.11419954744252 35.7985818547942
22.3575670216915 97.440454034873
-57.8500764666865 17.1481233284571
26.4215997798028 110.879655427179
-9.50160724442571 -30.026109277013
24.8738353691238 100.588441500124
-63.042254920617 11.5820738477597
-61.0838288575568 11.5314963305871
5.98214215609154 27.6828581589649
25.3175981292545 103.682386811641
24.5365052085149 102.309211481789
4.59279910275901 35.288054825183
-7.4256680898946 -37.1417876286585
-10.4086860290832 -31.286537188506
24.3153420162157 104.186116383239
7.41389969698624 30.1778277982064
-52.6494842986607 8.99881228908116
-60.9028405918 14.4557791702639
6.42540711668713 40.2969897475547
8.59967169717862 35.1203628166479
25.755484508154 99.7714574383828
-60.3353552626917 16.3335495747021
-9.2496148633186 -37.6444425787091
22.4876849804035 100.043429768075
11.9609162080229 32.2587877235659
20.356940542642 97.0150746607092
-7.97709762031212 -33.6999641262452
-60.9111959118436 16.3376961360817
20.8416152178133 104.668573779366
-54.9066191551997 12.4413373236864
6.8639193918761 33.9492174011255
10.657592300186 35.9527333922092
4.62052348760014 29.329353835178
11.2765856405339 29.9609462240069
-7.95232288784187 -33.4349891381491
-9.19461876464193 -34.0248418736906
-8.84830871936842 -29.6904059925759
-58.2606516901338 12.0481161444995
29.0921636806033 104.484914147635
12.6947178817645 35.2117022382453
12.7724950001027 27.8835315465747
3.62417696513619 30.0357583962625
-5.93123040704857 -39.2274558182396
-10.6439655016891 -30.23206990281
-59.7126543138757 21.0489169885311
-58.5765564849269 16.4261293755739
6.83379543547809 37.5991478404979
7.47977746406407 31.7239099219982
-7.18858641941034 -36.0932912991137
-7.08439680553932 -36.0420893133961
-55.3779624742032 8.63051082759419
24.5126337525145 98.5143692666271
-56.5320766010932 11.8517238807189
4.52376198113401 34.5936428150333
25.4832982510979 103.360548346109
-6.94732660404149 -37.228616582022
-5.69167240902915 -35.7633202421068
-59.2629434862581 15.3050990926244
-57.4670087673875 8.99853604358463
-63.4850744666381 13.6702750018629
28.4054305034599 103.441679741472
-62.6128151316949 13.8028776152093
22.999279428515 101.645803949989
-7.69493003932845 -36.1237691440581
-59.6424242901588 15.8496682179591
-7.09999004928303 -29.6081759648264
-7.4167760206351 -29.9536868352268
-9.62285095222992 -32.931288450942
22.4755907085301 100.542947409915
15.0447520893878 32.9396138023731
-8.76384521609539 -29.1850617084025
-7.81018931468691 -33.2365982852169
25.3179429635913 102.883127524774
24.0915644532387 99.8036594447607
-8.77494887855681 -30.6027952400703
-63.5481426737044 16.2503595763962
7.01178993567743 31.5193337225196
-7.91796820691551 -34.0835937514922
-8.05253748976631 -35.2321989540297
-9.11361455822467 -32.6490599286733
-8.8450476332222 -36.06709523118
10.2303158624994 44.2392615093694
10.4849450804245 31.2794912580071
26.2989677288153 102.556533155664
-8.03247223540044 -31.3164171905588
-58.9312191614115 12.0890651332386
29.6652216939076 104.513871753641
-57.2792832992235 8.3798186312033
4.38974826246549 37.8668686237158
23.2226451208254 103.394052183574
-5.83559679311827 -31.8941033279196
-56.105270645522 11.3197641090304
25.6093036195129 102.318382067229
-8.6643587381767 -36.4403627007487
-7.98742863397338 -32.4376300238429
26.5861272321773 107.011851398219
-9.46153387460904 -32.9876470268075
-56.8492085731769 12.467642480348
26.1171112810566 103.343494390088
-7.74399914565663 -36.9496826764345
22.1046906030554 98.6788593219569
-11.3755397839142 -27.6453067952007
-8.57991493780257 -36.0732984447273
-58.2616647203526 15.7896013936752
11.4603705985911 37.5487054761273
10.6185303675328 36.4306598504284
-63.7101363439916 18.9744571901488
8.419552101672 28.8389848639746
-5.41729570370513 -35.0419283977384
7.18906987358318 30.2400353629232
-61.5342006378323 11.982523365191
-10.2607704118461 -33.8828592893149
-7.77918889905013 -34.6302784425491
23.7175734861293 107.004238154538
27.2823470803311 103.221925441022
26.8227717819283 104.543747241885
-4.08177254521301 -39.1587315413509
-59.5475782780502 17.4656491773835
25.8103371115368 107.248223488329
-6.26104200665649 -37.8151906189762
-56.1131419439248 12.2974319053053
-10.4742450470792 -31.2985298929815
-7.92499334427645 -32.6669826954683
-8.03123278777292 -33.7160421567095
22.4673097696937 102.597304179477
-9.66327568476302 -33.4794470796969
-8.8544167334276 -30.7038026010358
-8.81485375717644 -29.3974109328972
28.5321832897624 107.925620642008
-8.60906601918412 -35.1638783167297
-6.03147208533174 -37.9571053671828
24.8326760219501 106.091769607185
10.5134469070832 29.2911048708221
-10.1022671654558 -32.1977164113942
5.60918215237344 33.0499727136759
-8.88324564333826 -28.8968102491838
9.6741999702783 32.6196226596193
24.1691143982258 99.6579225373335
-7.82177127288389 -34.3200401190883
-8.02429220953886 -34.8284961548129
10.7477920066417 32.5978048490736
27.0852339128498 99.8999975300882
-61.041408089688 13.7368462410485
9.91760680971287 35.8341012732051
-53.4436436735209 15.2805873207371
-60.0446235678734 12.8933946308702
-8.09646772000622 -32.3782544751435
-10.2645609201425 -28.4318423920376
8.39769957586723 32.274487881607
-61.4992351241509 17.7825555201644
5.77062244063454 32.2107428809904
8.91139204768014 32.9657016424433
22.6161478098961 103.547199991255
-6.57498035322048 -33.9453777395552
-9.67910686765692 -37.8869183389203
24.2495830542883 104.197822405103
7.74995046144378 35.5029646378009
9.6704125052817 33.1758505677171
-59.5660991650436 19.4083831892724
-59.3290914941984 9.5174666894386
-8.31767016729354 -33.3640900617674
22.4104880822556 100.541304199756
26.2520590845536 107.482924855417
-57.838497589552 9.80218585482114
27.9519758682273 100.203032555593
-8.70959834217766 -33.6718559649831
25.5123167647899 104.380271292765
-58.201644762572 8.37853957327233
-55.3907551440688 15.0072414708214
24.5578886666252 102.376112656268
22.0816505996693 98.9200504319499
11.8214466979921 36.3518599631776
28.9585358200156 105.645225325274
23.5708924371058 99.95063911502
-55.0607298472131 18.0136470168638
-10.7386745407934 -29.5937878584106
-58.7898786159982 20.0535013441767
23.8736616235492 103.033746103846
-54.6796270017704 14.4662160447073
24.7015549619852 102.102476512208
-56.9966359226902 12.1403549539677
-59.7890907712869 15.1369067357355
-62.1633234647031 16.0322368183288
-60.9747383478422 10.687353825717
-7.7569933863421 -36.7219677720743
-6.22350423522872 -35.4062091067768
27.6844523424758 105.197406763864
-8.74271364750222 -34.5847396860838
28.7176234562212 106.951650094568
-59.6829155541733 13.7274536814756
23.7499951582255 104.680679707124
5.96264501384388 31.0469121660187
7.09975786115947 38.104418552219
-60.3872707951589 12.7155991344733
-61.3946009978646 11.7299502613261
-5.62189077162593 -37.4573008607863
-55.3994335962676 13.9435907552251
22.166347241157 103.221810740506
-9.55768028106322 -33.9152673701872
25.4306641816576 102.940671397008
-65.2916417700247 17.5210959627935
7.06750232228347 35.6409693876396
-56.902294684689 13.6710689847938
23.7478898474403 102.797586080779
-10.0936124622659 -28.968060755668
-57.3250230358961 16.3022232519575
-5.66388576069694 -38.3302066298057
23.7718558105886 103.072020500901
-7.4065521762021 -30.745737815902
-5.13682594695868 -37.0556810066645
-62.5017228359755 17.7384410485333
-8.7638887009233 -31.4220393624195
25.3080532872951 103.101161703021
-57.4485365899254 10.2808746104113
-61.062881507883 16.9345537008687
9.74986976002156 32.7748940575613
11.5074091375903 33.7842036669348
26.3569523751437 101.080495413241
-56.6503027336764 13.3068558700273
22.219817319738 101.782567737006
9.46298293226478 30.0210943198141
-7.11162371850837 -36.5281752441775
26.045899897371 107.699062064343
5.92792193322225 31.6905019251192
5.01547432265014 37.970721913637
-58.2311067312993 8.26105236436269
8.02331592770575 35.4204962934021
-56.5921231663763 9.90492249233696
7.68859332087209 36.5082494354213
-66.1996553466958 16.7742881929663
24.3602130237192 99.1593188937063
-8.87318060516146 -34.5300580863973
-9.05970877911206 -35.8182293912199
-8.12275258762094 -31.688423860958
7.33805544117131 30.4100168280446
24.3423680598702 102.339969407654
10.0637368940826 35.6963584241633
-7.69372608607079 -32.6607917442896
-8.74076356538857 -35.2701127092597
-9.07934797421522 -32.3393647958677
-10.0665397337089 -30.6942220536691
-8.4609428137511 -39.6272770469184
-59.2463571467585 16.7529251461338
-61.745068557439 16.2539881333595
4.86205944986411 29.1058321834307
-56.3700537504988 14.7213011585212
-56.3338186181753 12.6679477101911
4.48295615377919 30.4618612891057
-8.73418307515633 -35.1941244122941
23.2034233005132 105.765211576976
-8.66568897568773 -33.2053731960236
-7.25182701083297 -34.8602067302065
-8.51378898274347 -31.0159161727427
-8.18656468510413 -36.1457787073554
-57.4710812989282 14.0670879336771
-55.8557592114618 14.830563438149
6.88502840502332 31.5327216102434
-9.06700733961807 -32.6902741734861
-9.98922058316125 -31.4524206145211
10.6238024042981 33.7900668643275
8.67970052347548 33.4172693404864
24.618667642032 101.272440315006
-55.7025056706429 16.7193327783066
7.40486115301782 31.0163805200075
-9.82643015626668 -29.7344633051524
-8.18838897594807 -32.159166207482
7.74521416356198 35.7747969852759
-56.3928104030108 12.2068744798604
-12.2106318207277 -28.0128263744337
27.1260479742668 104.093859688808
26.7526006719806 105.255264442366
-59.7394384900713 12.4735485927306
-9.01817572586362 -32.8672283171433
-64.1096441644013 14.7986585799769
-9.94504027925654 -29.5826827812477
-8.77955925338606 -33.6291541308483
24.1660826226405 104.340299264071
21.2716842742699 97.6360569762652
8.82877756064154 36.7753445813602
-8.58645892228015 -32.8351871273991
-6.97972861217411 -36.3797348343519
-8.11872668676602 -31.0586787819115
-61.0333600663797 10.7762974399655
25.0668281555515 102.77862618504
-8.21271476148871 -39.1131404858933
6.01102555448707 35.2330291114026
-11.100871945426 -32.1421347272084
27.8908497714931 103.659211405476
-55.9946721387799 19.4072792080555
27.5163183516984 105.754556080233
-6.46458292003143 -35.429723967354
7.15692243115668 30.7059551871097
-10.7506903677569 -33.7739897379526
-9.59516600758121 -27.9567063065125
25.2949056865447 102.922157803318
-60.9580369497276 13.7609771723041
-7.01482797109186 -37.4807406817174
-7.60488386344728 -35.7648964488996
21.2048593908408 102.049042480214
25.5010937749444 106.855783243762
-61.2437409205088 16.7487091527836
-56.1684114270252 16.8374404237093
24.4241240113548 104.81713211917
26.1882214756341 102.262967191911
25.5305995852987 105.701390555748
-5.01573821326149 -40.9202090387784
9.55090701582994 35.1411550007216
9.0172501016132 33.7408640658337
-10.9605525558784 -31.2211384450294
-57.210609641466 5.48569747760827
8.66878984608993 32.9043603751787
-7.59674227046613 -34.1319479349656
6.36423405306171 31.8576388470441
23.6775412201515 100.340891598124
-59.720833610778 13.8928941801803
-7.91403868728575 -36.7658619056351
-56.2542854144229 7.41476048831105
29.4927596747255 107.042135390994
-62.3973195157429 17.7279470535019
25.9521299804653 101.907547362506
-10.1689723492591 -33.3614365416775
23.8666986509039 98.6459329000868
4.62861761275066 31.1805428562662
-59.8920438554614 16.822930899519
-61.4376355228499 9.44360987789821
-8.35088178187169 -34.58674734828
21.0422270191773 98.6844057089111
9.10425014810156 29.9953432585989
9.77765616482477 31.5439082381689
-58.2832182109915 17.2501350834314
26.1838991693299 102.833819098817
-56.1611191985784 16.7651052177729
8.35976540710517 38.8305131539466
-7.22428417919364 -34.823981038531
-56.5309807567354 11.7226630920163
8.54821795997685 37.5297742975418
25.692954662442 101.904375675768
-7.07990326363799 -38.1595354264348
3.72160525716645 36.1449106769904
21.9984493092187 100.417194087412
-8.57517569078483 -36.0503120475659
-8.81635529322497 -33.642065640347
4.55535749468991 33.5277286665913
26.9189641813369 101.576370253404
-61.9479131915624 17.3342564872086
-5.87798989115798 -40.2256071260882
-58.1923436974392 9.66427140105253
6.81404804283832 30.0844029271759
9.37607343389948 37.7863301546989
25.5375010316963 99.1043339125041
-8.90055743641747 -34.2401161857719
26.4362871311437 104.047904422556
26.5850314717229 103.55780996455
-57.7693780539245 19.5434928023811
-60.3456431242926 15.2717091385006
-64.1040783025834 14.5217668932366
-60.6422185228666 11.4447427200286
-7.45013607345375 -34.5455838444293
23.2331319259433 102.50747158177
-57.219374665627 11.5917978866966
-8.1568194091293 -32.5862511548605
24.9896937339732 101.37719404865
-9.44260095794867 -28.1361368423617
11.565784014119 32.9213127410559
-9.60624251652307 -29.9933247561205
-59.008089173547 13.8014875112247
-8.96766582143322 -35.4470453423247
-8.03480890266325 -35.0935430808066
11.1725449482456 35.9132774364492
-53.3119680771365 13.7182122287598
-10.688978068292 -34.0756490264976
10.7672031918576 35.1448256208506
5.61068788814551 30.4387923269437
-10.0919759576753 -35.3807607366017
-61.1657689993593 16.0411349927852
-7.68194902383715 -32.1092361904918
11.6800198606299 40.6989769735091
5.78343232290812 32.492675871183
23.9619486592676 102.33257903454
3.3628503182164 36.8472638206719
25.8097604787007 102.00734398091
21.6851840678855 100.124862745619
23.2801214967358 100.157156860741
-56.8566164943792 10.507592244677
-9.3891284071759 -32.2095144098002
-9.43109456750992 -29.7502604282276
11.039637633646 35.6084450059257
28.0962828287001 102.179824027453
-58.2727916684589 10.4022396333103
6.82352070998333 37.9087342863625
8.78740385480749 33.708082239659
11.4317674030846 37.2312128569571
-8.05644626561206 -34.4525166421963
22.9724747601805 97.0950494104123
-8.9672340116678 -32.6922440835959
5.67593603339192 33.3155234942423
-8.32004108950111 -36.5271799110034
-55.5250257609493 12.5827116516008
-8.3861172876752 -35.6699965836322
-9.71697102766888 -34.052774946134
-59.3744281387746 16.2650546713589
-10.1566596105382 -34.1847808834142
-10.6062840337693 -28.8312614727736
-9.57188917556864 -29.6674501845418
-59.3493429714618 14.9257333075488
-59.1012301065198 17.751116427891
7.64306108124346 33.6152745786222
7.08164252483863 35.2080254405051
22.56846211813 101.99798528548
25.1360102468752 102.994868557415
6.24250064222279 32.6007980949805
-57.6540441601235 17.3093881634923
24.286424326161 104.24330932608
-59.5053803805449 8.811163164399
-61.6794741060256 19.7659660415973
-58.3523273404015 20.1877670955228
-59.6337262477006 18.1770446338652
-57.0268450159614 13.5068205288401
-6.79356523428066 -35.6641142147178
9.78140259586524 35.7639894827247
-7.74127589298858 -30.460539414559
-9.30040697014661 -30.3721203777768
-10.304302768817 -30.0643703226288
-10.521887510049 -28.0942720000424
27.9675181963023 102.931381477433
-7.55003504830435 -35.7185956258168
25.1811395739175 102.876005320346
24.4705756136326 101.931293116791
24.0544114755367 104.330657808135
-59.9430854501112 16.7071767190089
26.4593783604739 101.103478968607
7.88048506364126 35.4128561860837
-6.35066141917333 -35.057871032879
21.7845030590582 104.286678970248
23.2320099134699 100.815455919087
4.85972647223202 35.6683971359985
24.7716107392256 100.523587854205
20.6910220300204 98.6591365359335
-7.5763179694281 -37.7671572066625
-7.1411992947112 -36.4262999371434
-58.1551616756394 15.9320156254453
25.8928096674877 106.632903045234
-8.56919359862534 -33.2259649684462
4.40068114188708 35.6575437196838
11.8098399140556 38.7157188702793
-63.266002563154 11.0255174021924
23.755572538178 103.269422101053
26.4782222678599 101.57704941576
-59.7095745065334 10.2117456402666
23.2599010621234 105.347846166898
26.7834004327644 105.142855504541
-8.37355031132182 -34.8439152529033
-7.2997693372478 -34.7176291723423
-9.3600370358049 -32.566444960211
-6.23393619713842 -33.6841658654226
-9.58365229045794 -33.1781961055829
9.38131578036498 30.5651059149392
-7.0511285852599 -36.2272090585709
-7.56803149259851 -34.099323720799
-59.6881925014468 11.5773110063343
-58.5615405506761 13.4598421011626
21.1607485186893 97.6833721498152
5.44560546729083 32.9612495112374
-5.38678882840573 -40.0973491879475
-7.44038448708355 -38.1447616479697
21.9838181648101 97.978766056042
-57.1651041886862 14.8219356642335
24.3943762517415 103.690866956267
-6.2321386491635 -36.1682083098364
5.91787435366364 30.4843185564003
-6.24604343630065 -38.157695700575
-6.01524905283643 -36.4445206232601
-61.1893690316927 19.9330786823237
22.3658552984709 103.734938221673
-7.3925965039022 -32.1449530351189
-61.3030480495331 13.3782955988574
24.8460227466855 103.817094676517
6.20177452283312 33.906787566496
7.63125718050285 35.1323222034934
26.7254779727063 98.9477992112247
-7.29983080956636 -31.527472907648
-65.1990904156753 13.3872037266186
-60.1914258034912 15.6628899189581
22.5487402977275 100.573697422232
-8.89173094365342 -34.2181201800367
-8.53716171546415 -35.7912685118289
6.70257835812508 38.1065294657891
24.0376028583898 104.260768339517
5.08353410093026 29.8920168588132
-10.6931461391544 -33.3119445615297
22.3354931829548 101.848856609898
-54.6639318352817 16.2732205003894
24.9408210739822 102.891871673926
-59.2385249603116 14.0978361398349
23.3966981355393 99.8634949908473
24.5043934061499 100.472799235026
-57.0176201939291 13.8559538474347
-5.52781980635622 -34.6151304100211
-8.26161761900789 -35.1341250703536
-9.13634832944248 -36.9123862070379
6.59429471495279 34.0637417734119
12.0935981583907 35.0307050684734
21.2547051608657 99.0335218643865
-7.35103781701729 -34.6754840401971
-55.2617680305735 8.38211670381123
7.32928395460898 35.2774735860023
23.1446173334502 100.813941342604
-6.40843696004304 -35.3475204339262
-7.3147812262388 -36.2985917788907
-9.27742092023729 -29.2758918848002
-58.4920109199926 14.1361679111974
9.35445871147803 31.3972194776489
-9.01976993981455 -31.7481957421777
24.6884097782109 103.846084082946
-61.3657183262973 15.0012899257399
-59.735475943024 14.6558762642156
-9.62795324713698 -36.1764421914587
-8.66491188514823 -33.4742325315546
24.6805628306394 101.578115827426
-60.4459009773532 14.2862766371629
24.3740991444383 102.878786112467
23.7042066446791 100.329365670049
-6.92456956824512 -34.0678580143964
-12.4992911566779 -27.8775152401383
27.9698967760785 102.741057788338
-54.9308045313605 15.959869463732
-61.158422980388 16.4121917948419
10.5398384199072 30.3205729118129
-58.6978410646982 12.909351700743
4.47496840087474 28.9332561521891
-8.547517577369 -28.9088607881447
23.3080925883763 97.1828225015893
27.9660663212009 104.769973696739
-8.97656009514082 -32.6832259164374
7.68383471174702 36.3024090545744
-7.88185246326509 -34.6015598206745
-6.9924870745447 -32.041654954086
26.9113346448958 106.009634182139
23.8572849521271 99.1000481631958
-8.73050883136748 -33.5071708495648
26.8660281970631 101.126939087824
-57.9063817450807 15.8685338468524
24.6078893344737 102.922086791116
-7.6848731223375 -33.5144502792549
-58.3939202895179 13.3073257731448
21.6266327672707 102.983368270687
-10.5601378539213 -31.5143034699196
-6.87748161248653 -36.6496918222165
21.8437480508865 102.032317049455
-6.11913354138867 -32.8204064690503
-9.3021864530337 -33.9703936268784
-56.5770880601632 13.8965850356678
24.6925693042605 100.888407568524
-10.1567543358575 -35.5927372284045
-57.1684801405213 9.90623963633394
11.7630362862118 28.5563770933292
-9.19252800021888 -31.5621217226797
-7.98862239831526 -34.6552355425789
22.9632650557866 98.7373366073033
10.1081517965015 34.4901285089577
23.0088374401738 101.516597496602
-9.79601507044057 -29.8626063849478
25.35149114754 104.238230215183
-63.0074349724197 17.4672954109883
10.9353259572793 35.5584820496575
-7.7738384705677 -36.1869392109953
-7.08859501938847 -35.9068962914446
-7.4818649432398 -36.5032054895101
22.7345219685223 99.5893828840568
-58.0156825106323 13.2498648528933
-9.62508574504268 -29.0092951472215
-8.59635203440762 -32.30362892614
25.4837180868371 105.93528639735
-8.417242530549 -35.7701467894118
8.03443912388908 32.7262500609228
-7.34615261859532 -31.923345202102
21.1183035814718 100.159482177681
26.0627678975099 101.546975462735
-11.3152423485916 -29.4140825160523
-55.6922473633577 13.7355107029714
21.2471802324265 101.204858513136
-7.25973409755038 -35.5057397103773
-6.95995158660703 -37.687606668246
-56.3141207330399 11.9996366291284
-8.85540922898545 -36.6530813549384
-11.5563418561368 -31.8448435411643
-7.18570803906546 -35.4837923058501
-6.20554129106434 -36.799622733132
-58.2965292193899 14.9171773363937
22.8243374769233 105.31036472782
24.5639129354202 98.2182621310875
-52.8340157279979 19.7149992559399
-6.34828537563352 -34.5224755416944
22.13722559879 103.195843360317
-56.4898628436494 10.2413536244489
10.3009798040317 36.902038626613
9.6259776276684 34.7925880295667
-5.72470652349136 -39.1982548778347
-8.20037758543156 -28.7548284492406
5.73196666343326 35.5899198893827
25.9487116616013 99.8432135051753
-58.5756348377343 15.9637001871805
-9.24669491597237 -32.6175182459423
-4.44573532296945 -39.8005178100865
-6.74056583276784 -32.7816837371158
