x1 x2
38.1379174418013 37.2945092995861
57.324140041924 62.9782257566584
32.3472123563464 41.4155786576381
111.501047560005 78.4756546827081
85.9745390229167 58.2355894565148
157.31822773645 137.133263640419
50.9195309425888 4.6040312180953
158.720118503693 133.743601493339
122.231099331254 139.594842419937
44.1907835355975 8.2189996026744
76.3645597276836 90.3843680905822
98.296817717293 114.007308618895
121.880583762227 143.764528503905
-13.6748755703279 -14.8214266073814
23.2076728138979 -21.8568609274999
125.380149353764 145.852016704898
101.398301902044 115.155810363741
124.999424712093 149.062259201186
-9.80190445006828 -14.8504252579573
102.151846463928 117.274594182633
112.502474103868 83.2716325153724
65.3146989862269 30.8463052085568
84.2825500586612 95.0866602368534
78.9588502817408 92.5763297651029
146.758553775446 165.053377787907
34.4567717229802 41.3357904594932
80.0607837795745 90.1095313799358
129.525803680525 140.188936626457
175.636591108637 197.116708507808
-4.24465689987427 -9.61039274253261
170.728573172664 186.070208068832
67.4033942128592 28.2280258597982
44.808451684721 5.17409188350175
-8.35229612023685 -11.8625509672297
65.965092936123 29.8543067111219
161.990759883314 136.73219756168
169.20743968276 180.951432781851
43.8592026233532 8.45038323051046
40.1978298632132 7.52662964252591
99.9983809807765 117.319499816613
-11.5859229533603 -14.2669427951494
129.735938707357 107.988226186478
168.981643411816 193.612248712184
43.9663872879316 4.91634294149379
101.741226055055 117.505448803575
91.4936290159988 56.6308606077004
112.509950526302 82.0978906868453
14.3601607184683 10.6479648527064
168.94794706812 202.831420079134
63.2865999624353 38.7380123082034
178.660645847806 195.268893380058
47.7482688675762 2.80624802510436
114.21129721814 79.3284065207786
11.6251005000082 12.7882654853738
101.888322427205 117.018116263126
87.890510764018 57.1388051862279
34.8940479971203 42.2028946679241
71.7374825833215 31.6566320893189
146.229830195197 171.163050299303
24.5622149001763 -21.0702940946728
98.7000206165433 114.383947999216
67.0346932726128 37.9887033914454
164.771804421619 203.541923375919
44.5888991094553 5.12060231723063
27.7100130379512 -15.7099679576564
91.2017180465794 55.5485776127084
-8.40834961395515 -11.4715607569643
75.6666222148016 92.5100239358364
71.7043688546958 34.0027079814933
152.807135465749 134.915132163932
170.275327061811 191.285852957845
31.6932874805469 45.9828307422283
45.054222555539 8.00870010060823
145.944265253182 172.392129533762
21.4607272660232 -23.187182343873
11.7236154316236 11.708072260034
10.1587265135886 10.7833195860207
67.4634307091385 32.1786250793144
36.2500393359491 39.0268635072137
44.7907982206994 4.58616167851364
146.707018025288 167.012285448559
45.750200670269 6.37792952592748
166.702454301149 194.32889915926
56.0101274830113 65.0516990936883
45.3142274548594 5.6727083471048
40.90784184144 36.2061388108712
78.2412238723822 92.5710814464748
81.2263216670227 92.1777647468571
12.3155329998175 17.512885941507
78.9337151019165 87.4319557564461
55.5441706760703 64.5069864569614
45.1673501301359 7.26364056491864
34.9148533911172 36.4335932762986
121.951703613597 144.316254947236
78.173437535429 87.4253673964992
-9.71886976155139 -10.0890490942746
14.8510623604208 9.92083267065373
66.4577463204408 33.8098517917016
115.681124973305 84.3781889213977
174.452172296167 191.236683100347
52.5818215237332 62.3184478417004
134.297644700384 108.729365317612
59.51667078095 64.270247575444
53.0744095478074 64.5278658583398
9.35976972956132 11.6973278535517
28.704761336421 39.5491489009235
157.48760322051 133.306259085326
23.4534682999255 -18.7465853036835
43.1922888435808 5.38406869163183
170.361336636275 197.634054944178
30.0213964214069 43.56717141619
32.9548668589867 41.1109459988955
44.9774879504322 5.29939620292028
116.19622541104 81.5296349598121
80.3282854211333 93.3211450154584
36.3197668473417 40.3347884635818
82.2460956374737 84.0967301681448
43.607584804366 6.46826669240664
79.7130160262414 92.4201468455506
42.77638020654 8.57850949688542
39.8221728271894 40.5068200240441
82.2824511390754 90.3223581134291
92.8409913965488 53.7119190409432
169.312192253605 187.088805695776
18.9204461378741 -19.7499387656414
101.959793122966 116.157614930164
156.474705293131 132.706955076177
55.4430636068364 63.817225684761
25.1961437677476 -17.6859505640704
41.0813148938951 7.20536661053556
-12.6502797686998 -12.8550267791242
12.8126523001228 13.0446166374022
56.7701916963714 63.76691084755
-15.9526502084379 -13.1675995171217
93.6736655393889 57.4782413495304
155.844208568284 137.596212456432
22.4630901489128 -20.0140189275418
-12.4665001360461 -12.4366137565114
11.7071939017105 10.2045270474723
130.463122110398 140.043891631553
64.0687231954776 31.5449252146057
-17.359261029756 -15.366255738008
150.729503697712 165.249020978329
99.561208678888 114.886252810445
110.565183416928 85.7846965863023
102.768996580871 117.098546850207
103.777403058729 116.773664855741
155.109245265511 134.88709968244
149.593965714922 168.300603664358
102.915842889181 118.521766281439
144.406734022259 170.668399125727
93.091107198283 54.0819656251068
67.1319583089263 26.8048684767373
147.583270880277 167.792753712933
134.625329480873 109.260237957703
32.2467100719277 35.3598141796657
124.102978475587 138.422297748522
12.1405428789186 14.8581268508298
94.4585953883584 60.8184916094457
102.134367379771 115.838994416326
144.723330083414 170.502333640219
98.8389936356377 113.48360912172
31.22016513773 38.5862543267565
103.317180090958 115.831965155641
57.4180414769568 65.8535018369049
15.4020690957719 15.6033476186812
129.702261189201 136.778701711235
117.939559352586 79.4387834964528
92.0769398028114 60.1436919645351
46.5458044424972 6.51929504902023
13.4673183652535 10.2814228299498
77.1221600684423 94.2914365771999
128.09832025002 139.986994933304
81.4508546491215 87.0236960677387
151.093540915461 169.066047636837
80.0837358092779 90.5380599514597
135.177226168527 109.358335852691
51.4406944131262 66.7576208687841
55.4784944366164 65.3712017355323
45.0949872056335 4.91514395153543
159.531709834414 138.507317700564
132.970243035605 108.443145663648
28.547278440034 38.5099041382602
32.9878756838313 40.2863915461534
87.6331369554534 53.1291817818693
148.610681393315 167.646408500386
40.0341886015111 37.4795982479755
77.0617191294006 90.3574059017776
43.0213640817036 7.13840158026615
78.7194239738139 92.1497961691293
14.2581370710541 15.7449754151709
13.5032341030332 14.8531995971704
171.40498859813 196.980619084513
128.011196715146 134.473857199953
18.3677343355398 -24.8732797283392
22.9327573756527 -22.4364410444282
102.704908639989 118.633711147315
136.104576162718 107.768133287932
9.95739121167602 6.30564007661564
159.4919676459 135.56160676283
-11.0292415790732 -12.4619557296397
60.8830224050424 65.208436581958
43.0307972757758 7.20242237163756
62.2944191198357 65.261104794162
-9.72419215803556 -10.379840304584
99.9130682955685 117.008797023719
134.101066579567 109.396657748405
157.451499135483 133.555591493467
136.907691356107 108.048604199156
98.7700029740213 114.349423230248
101.469545486039 113.962880665148
59.0139959765384 63.1141283853702
119.357402290896 138.357508136612
174.481616929293 195.727286865649
146.635197727139 171.260299491926
115.26069289288 87.4317341006645
119.311189543905 144.57956871876
35.5724885321211 42.4951886191319
116.124110043033 84.3490371887188
153.766543806117 136.713867082021
149.258284746306 168.955580631749
67.8368887218465 30.122032187606
70.0353544017617 32.7281005627617
59.1664646593765 61.8970160805605
37.3989668276845 38.665037455302
131.190610616449 140.132083824072
80.6978236712747 91.614363794466
136.422316126406 106.580259955872
133.299776946274 108.459389515333
43.4670775632823 5.5329019668159
92.6351930041004 58.3632493250346
93.3368440783723 58.2605222938085
76.041234312573 88.3740196531028
99.1892853349147 116.056135720464
80.871264399053 90.0084220452743
-9.80927740828224 -11.7800530118513
126.517739972057 146.72795204905
25.8286425990728 -20.4659694748548
174.404466036042 187.296739962376
76.4533676705993 88.5264822942416
128.985092143431 146.586109715013
68.7258740879639 24.4608127219462
100.126581245107 119.673501853549
49.2863296243017 6.76403661727189
31.8799044146253 41.2902746203701
77.1763994846813 91.1418228129279
156.604411600267 139.418850970117
50.5533768053315 2.22975635141021
69.1351571072817 34.1769676914733
127.000413030084 142.647272787846
160.346136245973 131.961150724264
178.29890430819 196.364591789938
48.1809360417122 7.75688241810642
45.243639108538 3.65953357904993
101.619259209697 116.789835026843
133.844132125253 107.341937057596
161.306448005665 133.413855274731
102.960924594525 116.914898416911
-4.77492211175292 -9.03178561097672
125.552803954187 140.416182141153
102.744227063791 117.648984527437
55.2150006162715 64.0930044264768
132.832946050485 135.065263844294
46.8000251520674 4.54288321522595
170.175458083598 203.759546600112
133.872664429358 107.095666194888
89.7576447973609 58.1459361935799
110.519771885323 84.5873589806232
147.884162517506 169.613459316761
82.8300797363906 87.6809607284524
-12.7453669819192 -13.3888237033543
-13.87716031387 -12.2116324257303
90.8968910428463 59.534577330055
99.245748846475 116.287193815374
114.64168382713 90.4716347677712
75.05151479715 96.3864834528031
137.772789395063 110.531105045709
35.3460807364018 43.656150781956
119.703009830629 150.540414872623
72.2779203601333 35.8785208478677
168.204851999279 194.397782863841
66.3930533186826 34.0168832307015
127.814055463935 142.446538148296
43.8363024039114 4.17385223765975
66.7770568987126 35.5015763508376
76.1610245468037 92.343852960104
111.59156856968 82.1811569643161
33.3067008319334 38.2244768584457
173.221453915906 180.621180070211
36.1975534134604 41.2549938308052
148.056092467718 168.953856912856
121.814512847826 147.417009927205
122.923608127338 149.367910418755
66.8057842191495 33.9441030198969
175.198139971429 196.011541148759
159.082628437684 137.066738036927
13.9237982422304 16.7132989148088
120.106021111608 142.527276842527
13.3230381648447 8.25072719116997
100.588513954299 116.097608924237
132.840607335272 106.283675206277
-11.7105049525934 -12.0677490596742
18.6841353699072 -22.69613686775
36.7666865826443 41.2171521221244
101.51719492243 116.55567311213
144.987214330523 166.407428485287
25.4419242523747 -25.086591196075
19.5412858166773 -24.348651097318
83.1400245924867 91.2495344200098
145.513987963174 165.03954392318
128.040495080437 144.752249959031
9.71435678650847 12.1656973147503
142.839097625576 171.627639049808
91.9892804963607 57.0384134922173
65.5947623449858 28.5411742913175
49.3576055235911 5.34914880300003
70.7961691581507 32.457411496804
100.873120027809 116.490259747759
13.7177729987483 12.5219582891078
156.684793782849 137.72034464548
136.666738809904 108.425569392134
115.354051423263 78.5473972703596
112.57261945939 86.8062269062752
77.796428533318 92.9526334328781
70.9999198793223 35.4494734043528
147.923724142141 168.5769522033
175.317050034712 200.726306157605
56.0031869227378 65.5733726193296
76.4088762231873 89.0089792257009
21.4893670236497 -17.6899485496786
156.884403212386 140.144956885679
102.050838988389 116.572392448102
103.541630154091 117.713721367699
56.3914820307694 66.6040101253485
155.835497404741 138.341268709765
148.33173744195 165.789802567662
172.972366018421 192.750283073973
-8.33278517661344 -10.3595359162825
48.218435838054 7.19500077764013
132.035492556834 108.425085132217
98.765381895055 113.348697065145
-10.3746867777764 -10.1557270003468
173.128850745991 191.714048856275
103.637438359902 117.878069722344
28.4594384154425 -10.4632433847877
101.640661323762 116.001440845625
123.77256655778 140.305039838612
91.9681558544456 61.738194790769
110.294507716543 84.1391460241917
172.27457705552 186.782734028414
139.553256420123 114.853227753876
113.707178281309 84.7816589796525
100.155999693952 113.887608704476
137.464237382534 109.048621827744
129.808825774146 108.590144667961
78.2885626507823 89.1110779965864
92.8549404915669 60.5452567627304
86.3147188411302 53.6096430964258
34.9548759807818 36.5981637619721
146.593449915459 165.691151067655
120.485629607239 141.397108770411
163.737509036031 196.527935031618
116.336667379153 87.5367831645354
139.126667194392 108.925810728073
115.895458149136 90.2470696060318
42.333306400986 8.13995888902592
25.4163294869464 43.7291927452953
125.35882616483 142.989730830892
88.8014836936229 61.4044878886514
76.9592803961547 89.1611219725372
91.4586565819943 57.1108733936902
92.0881140280895 58.3529032475352
17.015235018459 -26.2675035271685
179.637981389203 183.391931229024
68.5260130818737 42.9328664103218
79.699860795233 94.3769951311579
11.1171040887915 10.3028734960581
146.688306593758 170.980955466291
135.325815116499 109.307287231606
67.2878495749378 32.5442584883894
123.053325820676 144.422963107723
113.661109271973 82.0207035189382
-12.5782436138796 -11.5260810147401
104.336634869064 118.869862848251
66.7099438027736 35.2943563735334
66.3881086020536 25.7512208004074
92.633226881389 57.2053947001609
162.139867118445 135.531703841511
56.3881766593187 64.8120290465764
-12.1286456295809 -13.6945292504615
67.6145960063536 31.0107977477385
125.80149030029 142.170062732717
143.221427997658 113.074541285283
41.3795435726822 4.4380410893854
123.348764479913 141.861966620583
107.503288225352 88.8810556757912
-9.33532787420002 -11.4444540915171
71.0612981831132 32.7234094881304
36.5337109268913 40.9104125681067
56.7909762913954 65.5374541511463
99.8717921058517 117.080407434144
46.9823704507794 61.9286939446559
16.3041329061905 -18.4079492591679
49.5802336297963 5.32300370028453
67.1664258566207 31.8214367140504
13.4564096745567 17.9314404816223
66.8450294439513 28.1187157488601
137.90228214632 111.285343848122
122.0798504523 143.557969219103
67.7787301561089 32.1805808442137
100.050583502068 114.488862255874
42.1916499642661 3.61294154926789
128.545803224946 150.949796979164
90.9539109280765 55.0518672017482
33.3485454667492 42.4144412900497
134.070400423893 107.127220270007
31.8408529086439 42.0097434993657
13.4350843685422 9.74619905673425
145.776833909339 168.021747404684
59.2616454640771 66.8884744893654
150.275302936868 165.929777756564
137.375440271421 109.553465349398
132.250670784936 107.810239288738
29.804441315169 38.3691830421642
114.820691241395 143.077585242828
100.645468130162 114.702086743944
134.082874096165 110.227088988017
163.697882295786 196.283617634458
100.814693658036 113.292515618458
82.6393501127184 94.3983242654942
157.323128733683 129.743087528946
77.6511145805394 90.994083691195
117.76316260646 83.3427834756569
166.902223001068 193.396948731495
68.765128082301 33.5332169068533
118.604342009806 142.346665587836
114.595845661141 84.5702278974203
123.508264120564 143.059686787007
43.1801645607155 6.49847971612684
150.828702487759 164.001543575736
147.940703330541 169.334187760652
19.9268051094442 -14.7545571187267
137.883457001924 110.469118344433
-8.62184885069426 -8.66223426747745
102.939595121415 116.325010330838
21.6933065583981 -17.5057170520732
67.3433655973588 29.5322954866215
146.56889767609 169.112142179869
100.649305049081 118.255855118301
121.600912681375 142.736606385546
24.4223426865141 -15.687242060999
112.005681066933 80.8679795869146
92.3705862067744 58.7801086227784
43.329965448126 6.51863929130454
55.6384658925543 63.4751867880787
144.146095650092 168.378331631044
175.564147721952 197.492351288945
144.60729853835 171.338354578023
-12.4712143261535 -14.4932433957782
111.385110070949 85.3617431964319
158.43514930502 137.464522528356
-13.1397027778662 -14.0730175747449
146.299671899871 168.152617984915
89.9330247078068 55.0403403802718
33.7338967311466 38.430135817172
132.161664982039 107.489385033899
36.4836797640614 37.4209398378836
96.8394808025169 112.726653365506
55.7886502456748 66.4732447784915
41.4898590392323 37.9405885186161
117.029051241788 143.139462015221
69.8138478741754 36.4168396303631
15.4187865375025 -24.5209295553852
148.227230549751 168.604579504356
56.0518376493984 64.3537309875193
71.415291406936 38.9310601281903
134.834708686602 111.876271969167
158.619714559964 141.280724921857
156.867425125314 135.387471741814
146.008351374217 170.485710292486
-9.71736239852937 -13.4772501503996
123.341531606208 147.237465978477
126.335668194231 145.650928944121
28.8558505867976 -25.0539576279967
24.6351250788284 39.837858261449
42.7329709283937 6.29330227926477
-13.5015950376248 -13.8850251924428
79.2928411658572 95.2007579433082
43.0419128864046 8.05010893805547
126.18298363576 144.254972835963
36.9866075683367 40.0906149443334
-9.58487427681079 -16.4592547554345
171.192557669192 188.34096244936
174.840655542945 192.464852045947
131.873434128255 114.676556478106
6.72482076653269 11.9074729378138
90.4546833809155 57.8729411429658
168.685394750752 191.654026530507
90.913646875596 54.4177358132118
146.820909019605 167.379269660371
77.1787130239977 91.4123932954428
157.860121560602 134.797533514582
178.842026073187 198.692966422621
82.9125975098128 88.4581710252735
157.35644846931 138.843515433187
102.352594702839 115.956438514133
90.1364060863345 56.1833371535756
46.550971573024 0.869239853456358
80.1649842010953 91.7919219015661
123.367201720257 143.390096640671
14.3681479540867 -20.6493942392155
158.103572071262 139.33454397233
45.6847571584958 5.85464166418609
146.775447473455 167.207966864722
41.0244426085949 39.584197055423
105.651046482038 85.0093264922267
87.6829740057798 59.1947849195102
104.567581159511 118.206187324622
167.928661314245 201.018893281764
158.107164757238 136.148672972117
92.7733045182913 60.1835503848371
43.5173087325845 2.56547066686121
49.4438752910444 6.05488394783344
145.302695550042 170.695225531368
69.6331901005291 37.274242731539
79.9412655952214 85.1240492722269
123.562933263239 144.330459123245
11.8977429383686 9.34303933430149
44.6464072317508 3.10900433000785
49.2039374539102 3.0467705974832
176.905455430938 205.82108047414
122.404454848629 142.795266659589
170.121672639758 193.561402137632
150.292056548378 164.889967970116
21.9066235240496 -21.6395197740684
147.184176789453 172.041085738929
137.660943925555 112.986930167482
77.6476863743974 88.3895386571798
147.744375759255 167.188733420567
21.7810194528975 -22.5254244425257
135.968587739063 108.266814114305
39.7953342345781 4.34970120669591
46.0669236970589 6.60120977868894
127.149266642763 145.782951727854
31.730971369752 40.1422160261043
63.4115071665272 24.1964110838299
71.3712043763211 31.9333533750226
130.207692601796 141.859472094358
123.181536034833 142.954773855715
14.0786669749375 10.4337257169644
120.141665331564 138.718912938729
100.860815264202 115.85702990955
157.147279930311 132.750374434958
136.587729729306 105.686508298122
31.5020875827477 40.2999675900226
172.166481545221 185.784391812871
114.283491876865 83.7066976503157
68.5342359994543 36.3579999946044
67.4362664582032 29.9391054450383
114.926278749334 84.2761758330482
14.2725905924255 9.11578037992056
175.304678716935 192.620500603938
42.3633315897518 8.09323230945202
98.495856006869 115.030265926146
11.5923135982416 16.6254203929374
24.4279288299024 -18.690775959789
168.453241382161 189.896681459272
28.0738143663055 -14.006955913986
22.4180183104937 -18.2911053808756
149.837118151804 165.706261995921
169.984791454275 200.153103406328
159.749444205612 139.808403329525
104.618220380718 119.407383213322
152.044899856846 166.22893218007
37.2129750700451 39.7929783895803
-11.3279020317719 -11.3512880901767
93.8184195639058 54.0544889098318
144.731024020831 169.490551364015
39.7027919467479 37.4694287561445
156.889656016987 128.88432977626
134.135412906414 110.951539847704
173.515321036646 187.889473364702
59.8893426299053 66.0874336251067
161.434543478824 139.48717019
82.8195251407362 88.9396819229739
-10.6976888810372 -10.7083268651571
82.8578529211776 87.4784506960106
94.0315816977716 55.9219905725931
94.0055450087987 58.0587537430082
156.188755527886 135.513793257955
130.188016225977 147.811372642907
68.0070608051511 30.1464023044148
124.753429666432 142.489209375391
117.953565844425 151.517735300642
67.8747950616343 35.104096100875
10.821668404683 15.2535084238974
11.7450303304729 14.3424756885532
165.043200932753 193.575016219753
176.838391189596 188.217702877059
35.8272689591043 39.2000771443401
157.068309371215 135.1067194913
114.725711583881 78.2617633534542
68.6859537945847 30.0454057397216
147.609128231435 165.617662247867
158.963978612996 132.985829624018
124.633030603997 144.367761379685
69.7424738122194 35.5732553887197
161.809836309718 134.617515290846
23.7066878298091 -25.3800900890794
34.8020555790949 41.0657014105729
44.641434532354 10.3806511859035
124.617473827257 143.690671661851
23.8751632862139 -15.7729902628918
97.9987309127052 113.779041901284
88.4049868704602 60.6877139366302
58.9316089801251 66.6061504118406
124.927370701455 147.369724346337
10.0513860567816 11.8725968977604
121.656365381931 145.144558783662
144.67071924423 172.767850933185
-10.5725233030065 -12.8909639382083
111.366498150993 87.6372203469676
176.022655847571 189.089443341735
73.8837256920526 91.5356927656844
12.3362076708203 13.7312464916492
102.155732525516 115.121937213488
32.8560213732612 39.1366282430675
146.611856298827 165.629893170076
125.790438791508 145.058794428012
42.1989878352465 7.71821980638974
57.5304265687991 67.0879918357215
91.0008253301371 56.3738170484184
100.743142649147 116.431616309308
146.46521483428 166.876878554485
-12.7319885249108 -12.9871635809163
121.223646122234 147.360272632886
172.912689680297 197.417251581551
59.3504911066593 65.0251833474202
32.3255807574816 40.7690140817849
146.05764222349 170.211414662434
15.8175106182066 16.4711514815924
10.7813487573676 17.0513142408467
43.1151926753116 11.9939716996056
123.329155778376 140.689800769674
51.3136774435008 62.755429826514
31.9681382077253 38.6014660093278
42.6378444546875 0.199642252329029
46.5224166449126 4.83285767226781
69.2796585302068 31.3814793941234
101.070097344176 117.061766770593
172.877099941811 184.769129524032
58.0044334828298 63.300732579431
10.6683930157856 11.0496761860503
134.985121175489 107.858271599992
158.565941694805 138.148379849171
135.991499839504 113.783819712301
170.331454942277 189.970431773601
12.6363041387431 11.5907601187471
117.216688046673 82.0585022065232
101.375744000573 116.451780252227
55.9505915710543 65.0175325817602
121.98435420702 139.408503668273
127.324607936731 140.408548810568
157.4813142542 140.30149571462
20.376804981209 -20.8178497403115
115.815861331127 80.0219510589027
83.9770748278047 91.946964008478
128.346635824815 109.722112918507
138.146720549069 110.897988092272
91.665769045782 57.4630409001373
-8.25397030085432 -11.7233212707472
42.6928667005188 5.30007267403421
9.424632607974 11.2962336338584
76.6399353970013 92.5852368906859
47.8736260713552 4.03031831980632
148.857824074189 169.594868011987
41.8000464927533 10.849851129956
147.749521994175 167.811349128663
79.5043416547875 89.2711530190251
112.001424258598 84.8239927964706
117.011987280213 87.455133282945
89.8341189586839 52.9426307908187
-11.9023936594921 -12.2572915973999
59.1607192936233 68.4992885244704
169.719760981575 186.41888430856
83.5583817105151 90.6256746340504
75.3392717499755 92.521614809737
44.4329266379255 6.78036631920757
45.1688695160693 4.35537152074084
34.187616504448 34.1207102125421
35.1144192894822 39.1588588951114
98.617391539752 113.500801187445
161.215559216126 136.03899476779
155.107291598156 139.206147816353
91.5069451364936 60.690309606733
60.271332835406 65.7627046547433
75.7100249086663 91.0542655862934
29.7782961967893 37.7131289843904
124.982788239083 137.531177819134
86.6775573025402 53.9236358503308
138.606973003419 111.802219746925
172.729440571468 186.65905622339
111.607376181472 82.8272193333787
43.7383973269418 7.7706584832556
124.227054659541 145.100054067294
149.002747762988 168.994040940574
45.463183868684 8.91187172387472
84.8034995928246 86.6952308535969
122.885003287835 145.932825051514
158.339224848583 133.682822055757
92.9107496790167 58.7259801012332
32.7586798248794 34.6756481654184
67.0573265196832 40.0323650605961
-9.56930245440446 -12.7418825722614
26.2208100502632 36.0171507353212
22.2580963576758 -21.5924322666433
103.710893062907 119.480023855603
158.37174349908 134.180162571959
149.269756232314 164.957513797598
54.1007029111211 64.6949504222614
164.984442879208 187.319494739628
134.240407367812 105.749835323002
53.9392928423236 67.5471044588644
159.075639326101 140.838121063875
59.7579957215479 68.7586824161298
-9.58788798774273 -12.6838315572915
56.7932560570318 64.1979244235869
169.261722490475 180.330025193963
103.802579954437 116.643964923147
76.1304697197353 91.2842039687036
149.873866122865 167.750382090456
31.4862967504454 47.5295743330064
148.679066726631 167.92829309002
88.0179806268173 56.888132576397
85.5894522381795 95.7383539599919
57.8295005200283 64.8986621015854
147.149535677967 167.399076855535
134.662176625972 106.084719525558
173.452737979034 193.032262388102
-9.6551426041857 -7.70362044158503
174.729188842666 198.145364783844
79.5338862694427 90.7177677788791
23.173654363842 -20.8346509455462
-14.5502377202625 -13.7306403816923
134.950991462746 108.510781570926
85.4365021990454 96.403234638323
116.889330296925 140.839660784215
87.0798741795441 55.0021723094744
132.67743873151 106.287822214962
58.435717442368 62.9063075438502
56.0041810402106 67.3004304281367
69.8991522182368 38.5319237592287
24.7646917885308 -15.4958443695142
67.7948836337 30.937538372827
100.711579101758 117.311792998549
159.040942580752 136.957460150112
150.123684025417 166.284335975813
109.052977327088 78.8460818173641
21.2342256413829 -21.6202967410016
56.134091250969 66.0125720688031
145.697057524958 170.218499624508
116.539465601653 83.2970631543874
66.8766280502355 30.7771523081562
149.24471168359 164.20072849036
46.5543144428659 3.15971800012206
76.6326456281642 91.2144324980435
80.5994129027271 91.004457372294
41.905683143822 4.32754262728764
135.353183860004 107.898900438975
101.600181593646 116.060363264541
133.149921252665 107.458945534534
40.4612957298266 33.1492013537664
104.926414469104 116.159759177411
158.982709649322 133.440433628911
173.679538711851 205.030067993547
124.839688055393 143.699089239131
16.9037877643755 -18.291045293303
44.4306935010137 8.49917940471981
144.765943504955 166.537792424596
-10.6828064880453 -12.3735553946918
111.376637880713 87.4333919049108
35.9800455167113 32.1697212780113
12.0358794061835 11.0249609524296
43.7313258794619 6.46492297380406
159.682335948476 135.893378002692
139.850361888174 109.115489874884
36.4434399907363 37.5783534408851
161.699972912844 140.99374516856
30.1872493181537 40.4234488458535
114.63925906049 85.1708359416055
68.7721678063682 34.3841592746541
67.8699140465345 32.9280741518444
109.755771132307 82.2356317718096
157.205264250776 136.743905418964
78.608781615588 90.8416932525895
149.283365595705 166.789655117999
126.370975059397 143.983423198632
68.5581672843022 31.3442869113538
131.666686752324 109.411408058873
167.832208535312 197.262012133361
131.76108904531 144.820588886932
75.2532332050511 91.3508554026133
87.0804622364498 97.8550699620208
125.706064423976 139.654640666787
134.32720677838 107.795137806489
70.3490590571119 35.8275959964628
161.601601896409 138.651235631047
59.1786373391405 65.2382213593796
102.265094333792 117.289318566871
13.5945153706592 15.3856574909935
-12.9207469465934 -12.0759077248334
26.7804418273202 -20.4110452228379
34.5222497984447 38.7543606645364
91.6985750635156 59.6073305331761
99.8360486575271 116.277832324224
175.836462763812 196.995899621015
28.8068970010572 41.7184549996176
7.50238400285846 12.1674144062809
133.743244110697 110.349247056049
34.7992644897576 34.550143432866
173.216176553208 193.677286375858
20.995862127264 -16.5489944745623
100.632734256944 117.340707833819
100.160736204172 117.336753781168
146.968964932115 171.508871545243
171.398876846191 196.174105219905
24.116775854626 -19.9964825239387
78.7345579336878 91.1997607080402
167.7319207529 189.852524225143
46.5144728195176 6.45058012799727
78.7916111783745 90.1705465728183
79.4045664446992 91.9044647715512
118.776473020288 139.570198488501
32.9654745746192 31.2121624010514
46.0941067224894 1.42214962942285
161.815416872642 199.662999114784
88.9590693308875 54.3351511541498
145.200855148193 166.009091407726
161.01523654428 140.888908774177
91.1549872813059 61.4541565904518
145.521023538152 166.46863737349
170.20846161873 192.731225332098
47.0897263062592 6.06614640817386
42.0281688401668 7.00315261937174
68.3694716300485 38.6027685623899
46.104374210671 6.98494752699003
168.657774454901 189.62487893373
69.9049109031827 31.2929662729045
39.3758683096258 3.25031491820928
28.419432479582 -21.9380835091011
11.6166508115506 7.59422644800163
167.079698190207 188.581663482267
100.378035798367 115.370234016916
36.0624723185199 38.9554449967224
133.090922929699 109.149607652068
54.6632784131608 64.8019632867691
44.7865828519873 5.15518458909178
115.20707483964 86.4250409420413
41.5898720661958 6.37968835348646
179.209704319358 197.977297233385
22.714628752627 -19.308306389481
71.3012367194063 29.5987943823609
175.8187506486 190.955974745638
101.005186124218 114.141832748275
133.493125042409 105.895970480271
99.5081573135987 115.074795002262
145.758564911617 166.309141691563
119.766368446324 150.082940794275
147.752082527973 168.874250270299
159.295901346849 131.071137266427
135.801475947371 110.972792320132
7.29979978614476 10.2814049294901
133.604541488574 111.39738834388
168.026423739773 184.98005922215
112.506921109075 83.8642628565672
149.575485069258 168.227003556955
-16.1049182492139 -15.1549811978946
34.0266040530412 41.5015469520449
49.8008080951336 6.29497207781796
158.459339861027 128.832516345892
116.51947518493 138.725747014393
126.547580769902 151.700742242117
65.95461204847 30.3014193517948
19.7851753193634 -21.319715429865
114.444765190872 87.0324442965427
113.874512390093 87.7393806375018
49.5452187866293 3.10913600943433
150.868405200461 164.669797031421
91.9342222653758 59.0602640531395
-7.1609581512763 -12.4486983129923
148.23515380133 167.502213820418
152.26733012702 136.551130325604
146.879019661255 167.542616254784
43.8103080836135 7.07507784332942
90.5389573836152 57.6976111837736
53.5422053383826 65.3624207101105
147.616607446063 170.489248920057
163.602389591034 194.985528548869
86.914743725903 55.2024152378554
112.965925834223 86.4821376056242
65.2493174131837 26.5390355984597
175.421619398877 199.701222817037
-11.9560576483658 -13.7897212859771
67.855619831265 25.7954651628546
136.257477012529 109.939233331482
61.1387578079228 65.4379859565366
12.589897209054 16.1148775761616
40.4295596633407 4.30475482826959
62.1438214626759 65.1022354011461
159.248399326405 135.371853762139
116.537055468754 87.4255737255371
65.5061070637312 28.3112737831808
78.5875013121653 89.9109753959052
-13.6772531469393 -14.2357711132187
42.2158191187267 6.91613680362774
35.939066228996 42.4038864690673
146.848231434285 172.124175178907
57.2426500681276 66.3808759418955
134.438511638728 111.234953111849
66.5415217709791 30.5064858711058
34.6627824538044 39.1327911278865
165.769733805199 196.243289959006
115.983146964608 82.9213564409764
44.6694479948187 7.22975624136644
11.5822395732591 14.1371403353026
31.3146105235425 38.9557185937932
175.76053828102 194.957407373566
46.0156936257286 6.24837241577807
104.356603522621 118.291379501723
11.5916926775647 15.9540890305812
91.0646633604886 57.9568473502991
114.921376290018 87.7191248500827
31.2748117722692 35.0790972577355
49.8528362936487 2.64304819542797
111.761388490121 83.3940245486614
146.460654161877 167.864928889302
113.977920396165 84.1312801081371
170.225253040779 199.474054916343
88.6373432198409 58.4220165035892
112.598126572893 82.9254541822942
87.8484343445408 56.3802805487841
102.950836683316 118.123309525232
171.79410485146 187.273129386316
98.0124461519479 113.144993026421
41.5584172942406 9.97891161788146
24.7443589538498 -17.6295454461647
41.8716768081911 8.89888470153617
161.567324447368 130.691068992684
146.304256881868 162.6592111414
46.0534965053855 4.53740521513576
164.841660419202 192.139911903843
-9.88605850630771 -11.0445412102543
103.572552591188 116.376217514271
46.5085156739228 7.96100358030985
54.9513346263671 64.6721053720381
30.2820763839114 37.779979782688
21.2564871880914 -23.4584504442416
112.36578975689 84.3291636940181
68.2800696187984 27.7954854651869
100.063663157376 115.341831923179
122.818540422471 141.615566714521
172.155056192526 189.137458394433
46.8409844843886 6.53794911103582
65.8340318415964 28.4265151270873
46.3847468140305 7.28794730839659
-13.1384766292455 -17.6049689593397
114.898869121647 84.0425061986722
147.784109608537 170.715522216392
87.7941356195503 61.6303288289361
113.120085954625 83.9946472974712
46.5466575499424 5.92380834102288
94.5674486982129 60.5944086055369
13.4070555718296 15.3508831649179
92.3075141523238 55.7693259061429
40.9899019232852 10.7904644528575
101.649623978688 114.811545182519
93.3031240135341 61.4357992161013
43.5432560692736 7.26064519222373
46.386136848189 4.33560382351965
135.7651263713 112.081839077761
148.652701969536 164.427854157398
32.0990362554012 41.6683751936477
160.43713793902 137.683108853674
-15.332549874089 -13.9670563251096
14.4963648347569 10.495672986109
76.7664914742208 91.0269591333215
44.8665285396461 7.22131918436
112.807288001354 79.6722661843172
149.460192030734 168.627806852507
145.94167837796 169.04642681157
66.105643821098 28.454739900344
168.633219831965 197.032092633526
138.971146175148 109.457935545434
32.8498433690228 39.3655741379314
103.461191989759 116.650777621275
4.62278645666732 13.8250631572983
121.199038571067 142.684124006042
87.1019659326162 60.5678050787831
59.5942160541112 63.6702429902678
103.20638541356 117.096575549603
140.30776583797 112.726004409242
57.644363741885 65.0739111813425
165.878374990727 200.201972031064
158.551608719623 134.131731703635
136.194141917062 110.281334461449
70.203314586203 34.314937962844
131.262166250733 138.729488196593
78.7908097710246 88.0285349472432
161.90184207696 191.833663344982
124.700471266689 144.97375163226
79.2608332624544 89.3889053717035
147.072257345959 168.394212254336
81.6151569095263 87.7088012591466
69.8129078222113 90.9681084161059
88.2121733032845 93.2148447848163
156.832398483927 137.253768064727
54.1770544411065 63.4105139861085
67.0112429263614 25.6507301208157
149.315487792904 169.000783735611
139.192096815341 112.086087924739
43.1814446950834 6.87725576113627
124.270159591914 143.336343791204
121.297899760921 138.565914292048
103.452034638749 118.689396955293
166.738737284241 196.63897353986
58.5602832964046 65.3431653288318
-13.6550711072828 -13.2741185619456
136.347230270255 111.326242365602
155.423090659137 135.510743725754
64.2906608411894 25.3646025111183
12.6215718847766 -24.8778868592034
67.1919733338018 33.1075343804176
170.833392872311 186.511205181509
91.6795439099474 57.1108242773842
113.450316470523 87.6582105249694
131.708882004487 109.904210735018
159.729183132072 132.865115541535
67.5709339817691 37.2098819505786
127.307090801944 143.086820761983
-10.6267444535791 -12.1714644569486
25.5768318697639 -20.5446080295026
-6.67441659821888 -13.8169874456966
69.259485609752 29.0003144965409
101.330536680031 114.220662436138
44.7235152679397 4.02346848189852
-5.61065040061151 -10.4397691195374
164.903037189018 200.653810759371
79.1899579335483 97.3485921389837
67.3682625211519 35.1466248357681
23.9538162644448 -20.28421813344
91.1952840787983 54.7935915165798
34.7961513031534 34.3919849487879
69.2906868849188 33.1988379816486
81.2276518742978 89.9452249203609
-11.651451518581 -13.7815890887293
29.4012063440258 37.1980496474566
145.399869858713 166.662294089902
133.551253283749 107.460133885061
174.318066247888 200.445485555172
59.2925059344109 62.9123764731182
155.714993476533 137.258490321298
91.3555259417222 58.3394995732067
47.1406449388275 9.7928553598149
75.4572389434415 87.3665746784528
88.0646420912964 61.3863441260369
44.0565157452147 9.58635704356782
91.6520032795435 52.8233620513454
147.359702624978 166.089751881745
22.2896017748426 -16.5889010781842
-9.39564286516504 -12.9675489122106
68.3197978365564 38.7839864422587
14.3051933035994 12.1576681523647
120.385713060153 144.660406065799
43.0493970051219 6.08337757179353
68.0142375965782 30.3902585341766
86.8277439630519 53.0847420189878
148.616926984432 168.081726726294
10.0180631007197 11.9791995023245
44.7203528204257 10.3286650272876
67.7448081713384 32.9989773444334
43.0603861821984 11.5768228525403
110.140527422027 81.6665360494448
171.333382006424 202.469616823906
33.3265580704026 36.1019723848582
106.246939130636 120.620618019593
146.99904692257 167.935461769615
144.66059146144 167.316127249
14.4800612103098 10.479077200927
176.164491962976 192.490345304713
90.1237744025186 56.5999030359506
31.5789013218748 43.8722339087329
139.94391658624 110.899573191135
108.307134352665 84.6032930442541
30.3464709898302 40.3228454392611
67.1320809817007 35.8789860281568
124.295481702636 141.613547577368
134.123664586581 108.797969729588
69.2039430436167 29.0493936692494
70.2882973993183 36.1065589507422
-12.006751393657 -12.6233227896363
23.2979250918276 -17.3567235986771
174.047336090445 192.469571632774
-9.09867826149938 -12.8368647329468
144.674605676062 168.399653677281
121.185430260541 140.216628415562
144.428371015516 169.941235794398
-9.07170960481315 -11.8966657659333
148.097615825449 170.66452585858
-12.9928312654222 -12.2745757501044
100.333225755432 114.581903257166
105.280073110302 117.828359161581
159.17615386596 136.237532700067
107.141163952401 117.861624680255
41.8498581290724 40.4201243799502
79.3608605167192 92.1266183575997
89.5105511137148 59.9135365939454
95.0607469371754 62.591456550251
165.432027588963 200.049152875695
95.2154824255602 61.573608896537
107.703431816573 87.4454505561604
117.425751712345 84.894699600329
102.236658907096 113.593405132697
45.534999859673 6.43550494273639
147.78734907915 170.136139512978
60.5173716007715 64.7852288182275
49.0103723669801 6.54217946714529
6.54664514410562 8.23300498955276
119.400873408701 143.407254819065
69.3315717142534 27.1726048970195
10.6356641884331 8.82650135992114
119.257760325914 142.275573871381
87.462983579653 59.2722587278886
177.425572019208 203.111279265698
69.7167404791631 28.8343122689205
32.4629048986364 34.6123977402062
-10.4435639888834 -12.2688389903123
48.7879383787954 6.83058088278369
13.189384065284 5.73350696667228
43.8318430055857 6.49355811998982
148.657499959851 168.350968948263
88.3231272215645 55.4150603611421
33.6894221134816 42.0963938911638
125.143886353874 143.827705332911
47.5678120032952 2.72319055953191
102.158778060089 118.68854458616
172.083170637276 195.131813680505
104.591640388036 115.641833571168
34.9777697245989 30.9635134557597
147.276508910499 168.140222221419
55.571213440605 65.7537018741873
98.0611858793015 114.627048258341
112.750655947877 80.896621670204
68.160622418659 31.3684666616859
160.865685682642 139.278930086977
80.5278617453913 88.9375687748541
16.4361485567366 -25.1129634684114
9.19963034256612 13.9667191447053
149.967245283565 166.253271948853
159.917758909318 131.619878482329
31.1607102091078 39.2018570153092
147.569643889895 169.430809720678
44.576138053632 3.34021571381021
10.1210784366303 10.3743405374738
159.270291924893 136.183618632595
146.72388086476 171.307156400326
-8.74685768890893 -14.8675441697232
146.581844850437 168.850759659317
68.4222425480321 33.1749812061992
42.6635850396561 8.54550798711925
10.6449457204844 12.9309113524003
90.1402404476284 54.9708927471819
127.62801712334 141.973546821065
127.852662169146 145.457988060647
133.813483298188 110.201656941015
45.0624824894971 6.08559119737442
110.789188691286 81.8236504948032
146.859400858584 166.805758916216
167.005643557687 199.726212044804
171.201990538754 197.81341046927
43.204763652406 7.3100937402738
77.5987692667758 86.3635545996916
146.874680732631 165.858072948995
100.996781406372 114.565652288242
140.615451427116 111.57596022466
88.7690940911778 53.76391756016
102.771157134992 117.940928189031
43.5812376351358 4.54073024686412
80.385636062276 95.2765989386241
54.0840516405199 64.6179964419314
90.5530664110201 56.5603276583397
23.2080336487406 -18.619531506972
168.876545563574 203.793180503008
122.876775833449 144.141869740159
105.474075988341 118.220976452494
48.7581764027816 6.9965292469878
44.7625109566041 5.33857676511617
42.239520383831 11.1607422143134
34.0595752236353 41.5430863542868
45.9690780650064 10.9515136316489
-10.8154029146469 -13.3115570284912
133.801647430231 106.38929633062
87.4377322409242 58.1411560270245
44.3545349804108 6.65630093833553
136.433885587932 111.625830156618
117.578270391752 89.225293840671
86.9112974115453 54.2706170071796
170.09679361388 195.365237710817
89.9115822876459 59.427961933708
68.9497234864625 31.738024517486
22.3466996465221 -23.1802613226426
91.5051215288536 58.6347935537197
126.049237616944 147.386457759365
66.6989272082285 31.7234327102072
132.162571014137 108.100346895523
115.017693689428 86.4353887927909
45.4935389315983 3.93524467513808
148.207023393198 172.502209312114
165.043709663306 191.361550669108
115.819361875872 86.0419629086023
4.67233460366967 7.70972509861009
27.2047031095946 37.5523021479652
78.846492794329 91.0062949856651
37.8957925637648 33.0861914873841
-13.1304521344853 -13.4677960222943
80.2549068296639 94.1259954294084
116.130839010159 84.2178175082177
121.816193901915 141.692762338094
40.9686498078271 6.0175946655578
44.152422826289 3.14827066658971
102.880025499599 117.074555771205
75.9166663772513 94.7691961958201
67.5674045266048 32.0956516305952
168.168566179681 194.814159360121
146.027074075685 167.0786104644
176.092110470738 202.964669013045
76.1342759039634 89.1964249705053
46.8021808203918 9.49323560014226
93.625351250813 61.5377507098099
26.5113463419154 -22.4227856293746
-13.3539053640211 -15.3490572318599
69.4064063397441 31.9120154998276
146.44110986699 170.758984078851
68.4941821647068 26.2025742552445
101.792818924589 117.080607808439
175.830058004408 188.193981791864
11.9196619579629 13.2464204767276
45.1533555791868 2.01998777625915
102.511469803741 114.01109773195
32.4781913012102 35.2696761693515
66.3368192328281 26.7569992412597
58.6227253128207 66.7810886769811
75.7940507590389 86.2062735374096
146.105104125895 172.713241118622
117.214034762498 142.761927425923
88.5627237912156 58.825746681659
88.0227980454422 55.765599023941
164.436945227393 195.496697485437
68.4771352525329 30.9849918184384
149.571531447901 171.328503923403
170.649666996376 191.569109422436
125.673469844436 144.626415275032
166.746116099948 196.264392173898
10.9808897135861 13.0802888318646
93.0702213520532 62.7628043750257
66.809919885921 23.714102761876
79.7441785320154 92.252300366842
60.4110133552213 65.793888216481
157.12733458869 135.96329046475
88.0467500819345 57.0878269613831
148.770252800991 164.612328321072
25.2462229655873 -19.2331899707495
81.5766877034889 88.6469717333186
126.85944347233 142.624970831214
148.523579662523 165.151207739891
147.436815740377 168.846511225144
116.982665516627 78.9491312403605
-11.6077642175535 -11.7656615596847
58.2150542390703 66.9529647933839
169.038700947244 201.406568403501
69.8968498565014 35.573260635273
19.4135276763741 -24.4385808111272
133.775085950864 109.06516132471
168.814375890563 202.404342684445
152.985492362217 164.628730384477
147.347957886689 171.146696123655
68.940732838042 28.7315463200157
144.696017110134 167.725620427413
30.1162185197227 40.2478492310688
46.427482964128 6.84892807909142
79.5291798369324 88.3149831574896
134.190400698057 108.76778216253
159.170528207022 132.056120462954
84.375597471565 58.8559351265611
133.6305055472 107.526595788763
167.621594312394 201.224611920239
69.2185751663074 33.4232962388864
147.70368676208 169.73351908992
39.961605472619 4.47065751105751
161.327501459225 136.751496151441
46.2192246468641 7.544848187222
11.0294250075806 9.96328769070201
56.3746990262918 65.2328701244084
94.4834860210737 59.9405272489234
137.980935592667 108.208284433539
147.598156674291 167.322782681984
78.3529116117617 94.5364037895513
136.30351461737 108.010782845752
10.7559435422278 13.7397982056139
65.0245679399965 32.2951654566558
76.593541417052 91.4930045741437
46.5368205254305 1.21492237259775
53.0421158513277 64.2741726083978
80.0552248690025 92.0251013404975
48.8303325238847 7.91697443553778
146.034982840709 172.03458007095
94.6377636504266 63.4199477501148
122.826069462684 141.62754697474
62.0603775552885 63.7476843319857
-14.0342317592437 -14.7530639174131
112.729168722034 90.5383483664465
120.780499155607 146.935553193728
27.4801913887095 -18.0626148218607
111.848447254972 84.9419371469071
159.684999623437 135.714260328219
26.3226714852658 40.3330853079198
128.035986795914 139.787740452391
7.95226332173471 15.359862259457
47.3504031384534 2.13230245346187
149.594187386094 164.81986864762
105.444424698054 120.803438070509
103.59433202311 120.747919942636
44.4749739308839 9.24868229230628
11.5827397495874 11.974579196383
120.533247030013 83.814014098436
144.144976415359 168.582090749823
-6.04554393103931 -12.3024114846005
169.798743959383 194.116313458107
59.4348910639396 66.3005093763197
125.806823578886 142.618317963408
158.252395745982 140.916379793883
159.332801983241 137.57583087236
7.86646009018031 13.2885808714186
21.5914224849561 -17.2466068662156
161.781023496453 137.883680431394
156.46614809325 137.279612384509
-8.39584559416078 -14.1679297407381
83.4984785771266 92.3707535210415
103.168580756279 117.834521933078
35.124828532509 36.5830105937917
31.8806508561167 40.9444845714595
92.0728229402746 60.8779568561434
175.288283081228 195.67107957623
129.055089900828 139.154741048207
24.0516472373484 -18.839815907317
88.046630089055 62.4091768896688
91.2574554485285 58.7976380842632
69.6143320853392 32.6652583564608
145.640366279732 169.975159636197
147.675659109729 171.368237929226
125.128866336696 147.73706422484
158.267082341582 133.830418051349
81.8938957478907 91.7375758716686
67.879371441127 29.4213177730608
88.0867108480796 95.498267237523
24.077456690379 -18.5882376327748
80.2189060032949 85.8198052780098
68.794765288933 33.3611395254687
123.19667827129 143.134609242391
49.0158689382812 5.16850217915752
65.9601432258429 30.3202030678791
34.2137274043068 41.7314610655733
36.10464632512 39.9967724514153
102.577375141113 117.106793505486
149.133656755977 165.616070777484
134.748917731518 106.257164259608
177.183389239265 194.164949593383
145.071963834475 168.271965371347
78.9819304691726 92.149917674551
28.8432903706538 38.688129678531
56.6406742594416 63.261232396686
23.0051248737554 -17.0951696839063
48.3728833471445 11.3082978694901
49.5894701940481 5.55432727512564
145.764192239138 169.736254432058
112.152377653965 85.2717903428669
101.905038686366 117.776829935828
147.467805973272 166.009722664476
44.8599678728045 6.74146773984955
44.5166549076557 5.06543232279963
66.4200338321984 31.011730916623
12.4339650883504 11.1111429022404
113.827716152716 85.6323741902746
110.512430580547 80.5497033860685
169.040676799491 201.835320493345
57.0643664437558 63.4193787215185
64.7228587181064 30.3911985065008
159.173317565067 135.912663920766
161.266909055223 135.808950083703
-11.2789807058355 -12.2817967652314
130.817778295262 145.335676375043
-11.4913623845369 -14.5443002948984
78.7220622060796 89.1682032917059
11.5047022320358 16.7559954843017
157.891999993403 131.460795873325
168.719835352947 198.767746175132
58.4299719907703 65.486811871401
123.689877547899 141.941618931713
3.30732871349046 12.0128863754573
124.517022883024 139.778819751797
169.962628630031 205.25711231421
158.637629560784 136.256528650338
136.045515374773 108.615525441325
28.256881354883 -24.4661897874907
127.669779254104 143.659662699942
43.3806206027594 8.41136479010061
86.8496950605906 61.11475922579
-13.6724625145289 -13.0935790221591
146.226246324812 171.360668597671
102.356830454191 117.926539197097
40.2149451052244 8.662455462535
46.3257893521561 5.53616318130941
66.7952211655717 33.4632131507849
9.4542907476036 13.6506035121616
103.257673664646 117.565296031095
89.7770191979614 56.0946828231131
32.8173261706536 32.536949694114
-11.3728051828766 -12.3592412453977
172.681904196356 187.521548150644
10.0868568023326 13.335858757752
32.9303445311336 35.8372534079811
160.118163358225 136.104093630792
114.682493498933 85.093518912416
79.4830520386604 86.9309400714
121.78913915946 143.075766328974
131.010342538775 109.278215540881
55.6572660689227 67.034875518963
137.908571577794 113.271054432892
25.9475263896573 -20.0193433940729
150.060995870639 164.982778359292
49.5754469191573 5.68015842646806
62.293146734995 68.8722456605885
46.4339094087025 5.08863169284619
86.2347015958086 58.379453840282
112.23432150328 84.4378541613349
69.451802719207 34.6541020950892
32.1781637241726 42.1540965229297
49.3356239302814 6.21179750972021
157.961464324633 136.152121651871
147.06415559094 173.529146243958
64.8722424974224 37.5203478565007
110.212614501941 86.2957085362913
-13.0918487747351 -13.8064136014446
43.6692853868661 8.58981463036521
61.2318655911814 67.2776527208056
120.778082240113 147.902500666195
27.6459632895915 -21.7343957289433
74.2786366751847 92.9484270951682
127.020959644528 141.341611027011
168.269342707104 196.838110850543
11.0149620840592 16.8171808678414
115.907111185006 85.3231389965773
11.4301425619295 11.712498415077
110.339772937088 81.3649718843963
127.657325248755 141.438255459995
70.2601440889865 37.991587173266
-4.53440914905034 -9.82425874504008
28.7582875943535 39.593309392318
11.7839469492456 10.5336266680451
136.392709772808 110.466900331655
66.7103352040999 37.3976233930669
23.2754269360097 -18.5664643498032
121.142252382116 146.586452854475
149.130149734768 169.522266302936
128.834257288942 141.57632280377
69.377273565024 33.8032178158939
160.390485860377 137.7337411928
110.65927692846 88.5749314894412
41.4908618976723 7.39852593556049
108.26054536518 84.9807282987222
79.9082666798402 88.3978208947857
143.61254943441 168.305443999398
161.941462382182 202.675260022408
162.100906702888 138.148530286938
74.6320676756108 89.8042293589773
148.830957365465 168.625648012135
71.3029749911665 33.0436566559209
161.265103234309 135.788164470455
80.9105817442195 92.9871441050054
160.545359563997 137.609257227582
135.285724872583 112.148875683524
43.6836706258011 6.99007357096162
133.126776667231 108.991608969067
67.8335417393884 34.7753846092078
159.058981758746 134.91938390573
30.2948040574238 -20.1762248197847
126.622792027902 141.221559586316
10.2481036912051 11.3880468802157
57.5025351325353 64.5028024489533
-7.87615677317075 -11.2276416548241
57.3214794129369 67.6560950209014
114.490719482522 84.03841384886
67.265959821909 31.69891002859
70.6656912492817 30.628949572574
8.11426670669766 14.7471019899405
35.052319781593 39.7931806764236
79.9350912561416 90.9816584640805
137.562181427279 111.145014409719
169.108580248393 203.869518570757
66.9599887046764 36.3401963524146
150.005732061735 169.315978310606
83.8813330509613 95.5097123235548
99.8669457312161 116.007620177717
44.1811850603819 6.17153925999645
155.497936442228 135.898897038351
101.983474387974 117.464246061849
158.601365727888 138.63434767614
45.1386255976651 7.57677744192438
9.70513347732333 14.1834932838815
117.726012561282 146.386962949805
167.415821940989 195.2875262003
91.7645836821046 51.0790004278693
13.6772615137661 12.114570546359
137.727868862567 112.651704778016
89.6116367387848 55.4745376107898
124.144698052033 143.825386019505
37.6248892688652 33.5092460068566
81.4399299332087 90.4747338606413
87.8209155060023 57.2660973088599
81.9574516308963 88.1897998288308
33.9586414955994 42.311768821423
121.887933308035 147.931901749504
138.555612108067 112.231529424588
57.9782742248463 64.9168352851915
124.952906240982 139.724749488777
150.428985550613 168.7067549502
88.540687747365 61.0204027108034
77.539533301106 88.2236120968512
89.0371052109365 62.4696988843115
125.22416370991 152.813196854479
145.842410280784 173.524612271139
12.6215798085127 12.0529125832029
147.073764387236 162.87557866895
12.8125399371213 14.9034064178054
121.522502916669 140.414026130195
100.773149434258 116.224052975069
81.7448944310429 88.4499548368391
138.217514509977 114.973819426065
46.6078474390513 7.4347744301322
147.714338597359 170.045530416588
170.736856991163 194.106477897468
101.472923952329 116.791388197978
44.3251460044917 6.39419055592906
171.357824727733 193.017451055078
57.4834085980917 64.7085469035999
58.9940609046047 65.341345631038
-8.22900511223039 -12.8710976464295
-10.8752272903793 -11.0265570717772
133.464762797012 111.559155548556
22.4505729541467 -25.0426891811834
100.867858195231 114.767006746073
26.4180161804616 -17.2427324670467
103.102196111393 116.134016854725
159.197413595247 137.141886220851
103.631731053664 117.857044959223
168.809991597187 201.357109986756
46.212001880973 3.42157195259654
-11.3231866428899 -10.4177325080824
110.720161031664 87.7852477889051
81.3398026707633 87.160856128811
109.906808399942 83.8923600434036
97.2496648911972 116.825584084499
-13.8331620788165 -13.3175522178838
50.1638639004468 7.78330706131962
148.388526335745 170.957733225914
46.9851344381604 0.584058911878325
5.58812367526754 10.0536807310025
83.5622308347186 89.7210533341637
-9.12499662533392 -12.1915494978122
174.957188452718 186.905015729427
33.4226989639899 41.6830530569281
81.3669369913131 92.021075805711
148.989117192286 168.337262859468
169.483865153325 195.542318812379
57.8291991794403 69.3371867747878
148.351170338526 172.733853074971
131.494230188256 107.359399099453
49.6990573539826 67.0944060168537
20.1401087927836 -23.6516238714698
10.4548324487246 10.9087812038022
69.7444085871507 33.0810997793957
-8.18492073482622 -11.3080853651774
147.391146459765 166.667828089935
65.7183048384444 28.7570437560654
103.231551425679 117.399183479887
-5.80968067042321 -13.4357558188101
78.1550401292748 93.4173563272693
12.2766826677606 11.2947172495425
114.359005935895 80.755781304163
166.04975321409 202.048930590732
108.370792022652 85.5808681320953
171.342702684163 179.020066584428
110.162472727111 79.6274005668216
-16.8040526235729 -13.9609190377226
174.142840343934 192.389214625988
46.0572061941667 1.6684984515532
156.808849858742 137.742513358944
133.317386704084 105.285496862308
148.101984252933 165.417005600165
-10.5709841885211 -14.051632363563
158.268689375215 135.931951446325
60.8303700331483 67.2425968457013
32.9265332652084 39.2509504419593
168.566700563694 185.006763042575
102.094489493229 120.796838773329
116.410423982762 88.4620180190159
146.4940848799 164.451068356349
87.2309072720902 62.4558764717657
-14.5011547488839 -13.709001391083
121.754576885592 138.34525115144
136.651826487399 109.794141501042
84.4643909283048 92.6543724316347
105.688981119061 118.724662847969
69.352414535317 32.8007467431264
43.7608900119104 5.4188663787814
151.310023550968 165.488174034413
69.124739373768 35.4935938739235
19.5073584520445 -25.204119075423
172.956112921344 188.631204048412
146.803164064592 170.842206437417
100.905467292407 116.704008578831
90.9338598573298 55.7897473084078
69.8353800836541 32.6580839608394
8.90007487008855 -21.2792338864159
153.113012943096 164.902394075623
43.8554808338214 8.07112967819974
31.3031780271141 29.3593316533433
137.965084696945 111.64147070673
147.020926814762 167.887288713279
81.6875613048883 89.1101249806325
149.676165744686 166.588933647133
16.6710856720123 8.80644228406471
119.83793035055 140.896022821909
76.6713121681432 89.4183529526584
25.0960830695389 -22.8204203071439
89.1961286699202 56.7638336675573
84.9409904515314 90.7864479236328
110.412287232948 84.7009466372471
134.860396497748 109.390766496749
119.504420550912 142.687180881472
158.526011777481 138.999347670905
43.1866802110215 5.13556185308456
81.5609679094038 92.0614374883053
42.2753200526923 10.1465345246802
53.6364801066378 63.3618522210122
31.474659073169 39.0515678874442
25.1147997592946 -19.4253230456885
91.9494106694995 58.2784594924845
81.539909939385 93.566172039596
-12.4347912161086 -14.893333705914
121.336383780958 137.261015763958
125.668442519044 142.489759010791
79.5106643802695 84.9152768122012
57.9775639528351 63.4247120849732
44.6470277051142 7.63084804047754
105.433120530715 118.703034070095
-8.98418296031335 -10.0491344699977
57.5598145698842 66.5335827052124
169.933183639891 205.631604234557
117.311694455198 140.937437140336
147.210056250552 168.326983213891
129.136228231012 149.153147717529
150.199402819734 168.428458662028
91.5153772444309 60.0152189154654
89.6660320839048 56.2666901423886
117.582084371109 84.3024560791573
137.851403996115 113.351327445623
101.358174213371 116.299136457229
157.303676897929 132.323690373863
89.6536215805045 60.8970305089221
38.114292385957 37.390005030833
66.1722135841606 37.1360903798287
126.421932983055 143.275262819029
123.311134035565 145.686724918904
31.353518809499 38.8733592593963
55.6912293526726 69.1284165529297
43.0317327172682 10.0165611826487
34.7256970069173 33.2845687872032
120.063619166694 146.33525810726
44.317802475494 1.24382996697712
93.3917647279418 49.8205369855654
11.8252745503684 14.453525091239
157.919806369631 134.9259738775
147.493730514976 166.238795156753
81.4359942484573 91.3340691997594
159.840121726818 139.298896130051
16.5285366775774 13.5735803374592
103.053977432478 117.522579209927
115.384754705303 79.7997512253981
47.6017346390039 3.97631960439668
143.405988778577 169.460521440596
12.7917747560763 15.2514516951921
112.337151986462 83.249870199868
91.1327438208013 57.3150993471655
44.5246505132376 5.06237240247829
169.336195876178 204.21360827063
170.926620772344 193.48807554171
127.312847060194 144.154185221702
30.3883040301405 -13.9621789704752
46.7130863244966 5.12386413597116
120.429704622474 140.578213331394
129.516477352263 136.531247443131
115.958220808568 85.7827688992984
94.4138068864378 53.7004601254996
31.0707591054125 38.0834789060338
43.6171784379373 7.96687385372691
45.9278389851097 7.13253106568837
98.5086467635698 113.497173976669
65.5950355437127 31.5642992059924
166.805504638517 182.821224440937
104.226378022098 117.766791004969
100.873083504734 118.219084954636
128.09160486323 140.340305060274
-11.4939092579529 -14.1280044489031
32.4057256514873 36.4532548680548
80.9060899699502 85.7747341717587
103.793562232206 117.180902893615
101.455459644718 116.866083345115
56.1062885503041 64.9870353592619
14.2350774686883 -17.663805894382
40.8769083136688 5.82668110650073
109.712330703868 81.3944591658968
157.124358050698 139.920038737312
76.4222922778927 95.474363511395
109.434233498058 84.8535028229775
93.2011593654182 59.7871799056224
173.80893546786 187.525228972335
129.055520816688 145.572305886411
175.793284463737 192.062621782806
46.230630642491 4.06703804856025
-11.8050735317644 -14.6276186170996
48.0133317393015 5.4591606936268
136.895920317455 111.950189579987
5.58036503034297 15.72168715429
134.195918987402 110.549591571736
67.2388753793257 29.0610874427292
64.8521598957225 35.774929044828
102.000131956661 117.169509469588
146.083332325402 168.974214891495
114.891323434928 83.7916469460357
10.1748599301154 18.3993879841868
124.204517481916 142.449960330305
79.0251987702251 90.1319737978828
67.5957591748204 31.6997515577098
115.494646693787 84.2733313077578
113.694372163335 81.7886411245795
103.311574786949 117.928211315437
154.848695277909 132.624732008847
80.6487983045606 85.6040037632025
58.3173294046444 66.0569479070728
88.2904056386472 59.6840783851774
93.4071373347217 55.6422529551106
91.3893323481139 60.0061363809996
46.6389577810465 2.70062591205806
13.6914881466452 -16.06938221197
124.719197346426 143.162152768752
174.862699099182 199.109162648129
12.3871931009744 11.0587872907306
68.7996813537151 31.1743461034265
147.154740567959 168.038836303086
158.368958066319 134.72839553544
115.939799572453 91.4288657005378
104.854352975343 82.5707649811154
44.3075982266659 4.76838649185493
33.1471964057408 38.2875370131673
124.166503254753 140.55667990129
9.77387768000538 16.681023812941
44.1550465096787 7.62796570565309
106.140282954446 81.9834069121843
112.591529195439 84.2858780929708
70.6296849081086 36.499288430858
114.487598504335 81.9409114761731
66.306529132004 27.7099013790211
113.165199071429 86.0933627035122
84.7459705964438 92.2572628648659
146.319524908466 164.810293824121
103.379055026415 115.668928587536
160.130284332539 134.360113855273
167.698775202729 191.888942149477
92.0425872057352 55.7653016757912
169.339198367831 193.438868426586
138.121196362588 110.732327526999
68.8854027536953 33.9647004611394
88.0537638942586 54.466529598673
103.722342637223 117.151571487197
166.283012091534 198.6551439264
66.4595531322025 28.6756188730269
90.7005117798879 60.2267436991666
172.535891064254 195.518532178968
123.635443596364 142.931472167155
52.6551107409089 61.7259431966071
134.023060749186 107.842861080084
44.4253427243079 7.97232811677426
138.36505664066 112.05813300268
136.396111924771 114.822413062739
48.0512523690657 4.14565913003096
103.07096275271 115.864465339833
115.682438016123 83.8661397082923
76.9245416485286 90.8816498809524
133.850335891664 110.807524623538
126.582829613104 147.225744314469
125.60894891318 138.426122366731
147.774414967717 166.304507440575
132.778996893571 111.532120956088
31.8450967024561 32.1119548767134
66.1768949846646 33.5140329035727
12.6943422404913 16.332757604707
90.3718054442248 56.0742769764228
67.2441895121641 23.4569615574364
149.598188474997 163.207226199388
119.938115524512 143.909225142067
77.0004874174907 93.5079976479779
60.7313588477319 61.7948032731344
78.6493396176689 87.1651604801547
87.4930320648664 56.3169006539049
111.867024167911 85.5817300639741
16.1348250840708 -19.3318656649203
101.047792294665 116.48066645622
133.50105427671 110.438541149798
83.257264387694 96.5538887881012
28.3938337828163 35.3288516228931
84.3503875665667 61.0991497107496
12.0526420562107 12.1747640007964
69.896659488107 28.6034802916595
52.1893728786857 64.8621566614274
122.204907249558 141.415837887918
134.217580219801 110.242833568594
175.140947007274 192.144607757767
65.1830340717858 39.8833148340921
148.152600698639 165.011304455415
26.001134322533 -22.0825907401995
36.0476260474533 41.3615086440472
56.2955681792922 66.19916953752
148.262287442676 168.222886240653
132.39952492462 112.418228165213
43.5082922328111 5.23553242898723
41.154729207222 35.4246150194898
145.657173927095 170.33093899723
140.970752734276 112.200424699529
18.6052196287663 -22.6466995159445
148.737277840394 167.047707576486
66.553055442423 30.1596565476847
112.709443932797 82.8199026686357
116.769841357102 82.5378255752034
48.4314687808875 6.3404158443988
153.732834889812 131.22804437919
139.638311887128 111.060385241149
45.5573793723145 5.91845120499162
74.0550662615204 89.3694422237681
160.465952554181 137.948037925033
32.9840759463775 38.3391211639932
126.17550520788 147.607567699238
13.7974433865982 11.2635438292069
26.7574775393503 -23.9402338658773
163.232892290146 192.543943044218
147.508204198308 166.554823993475
100.660306945402 116.214773252681
155.074139818118 132.549342603044
120.519011321659 138.978567559814
98.3412668201555 115.244005307648
90.3321093377824 58.7650670035321
30.2450006704948 38.3537218103431
171.118506220607 202.489672808018
123.425487785088 142.276131343876
103.430129788741 117.29587522232
154.483585813618 135.298934903797
20.9996619341535 -18.1163359047899
67.5903447045834 41.4616288250794
101.654042113895 117.643004170029
75.3008912319484 91.5766697359384
94.6329102023964 58.586433406856
88.6649791241701 52.5102512279952
146.964519389011 168.593313070731
133.535894375753 110.900611765941
174.636080994215 195.487292486591
122.325288390019 140.901560349889
99.6137239547149 114.437838387028
169.956020099938 195.569969748079
13.6881612523768 12.0773249982719
10.1372011460948 16.4835149714626
10.2175715084223 13.6305194847038
145.653275116933 169.119571450299
136.323213731561 109.180876531353
22.5603270492059 -19.6554091195189
48.6690768183157 8.83757646615925
8.5679204540398 16.89910637431
37.8691867596599 39.0523587961528
144.877142486045 166.304649464
89.2615522931389 54.4401157333896
86.3659148096655 56.7654783130571
116.11192223061 78.2732725635694
100.13117837383 116.001828809227
79.8481841332046 87.084683198654
45.8066722977648 8.00383848111636
102.398613260571 117.513074904858
68.7591140640643 31.5495330523416
157.419685918342 139.596207827074
6.83145019390412 18.4369516909406
55.9366907079539 66.5128252713273
123.00607717528 140.508662536772
168.670631407123 198.296517101157
147.913356067281 170.945765751386
113.420144552603 82.1215811626954
147.801197024776 164.888337016386
67.5425966341329 32.3865778133799
125.719549171495 143.091734586704
-10.7936721588314 -10.7238199740981
124.318633287326 142.070595687176
32.9982670240847 35.9757440402883
40.4548696037315 4.90235232159628
59.6336795983157 67.1723525780686
81.6692684178817 88.8764222184922
34.5174144908534 32.7006675572238
45.1922029920199 4.21833667242403
45.6008771109908 6.341381035194
171.764179918293 196.420785388997
55.134950551187 64.0670965233585
23.180669338417 -11.3868431220841
101.644273396122 114.801877966154
32.0961742894611 40.2838383143693
114.06699122285 86.3984662399427
157.561371383682 133.515714871404
64.6991110304338 27.5176261945179
37.2894333872447 35.0440925849917
66.1380298485833 31.9362015600743
99.8973656722286 118.020801682919
136.231864234634 107.947922204903
11.4186963237078 14.9987036044661
11.9241090170327 11.2948534863562
26.2029990934683 -21.1840215180105
19.3211715406866 -22.9395108302857
138.054111750289 105.760662773448
157.975900434246 135.20169117064
44.6248079438002 9.58458055081637
159.653744585323 135.208994668988
155.260685734828 135.310200445412
-11.3719188463925 -12.693289242469
148.822283976555 173.253685710402
74.1484078630915 88.6681837274723
147.33398200302 173.617279362445
89.4724393895718 53.6476628340546
110.40368053465 81.6662904103479
167.401930936057 193.693848587466
125.367711726612 140.644882005728
68.3967283453763 31.1429527670181
168.478184736313 196.021220970021
159.656982356486 136.450483063336
75.407316419029 93.5838329249617
90.5354913878475 55.0200000657071
3.40018647754022 11.7232786228387
147.071502627371 169.11504408749
121.566841004096 148.467215451696
126.870966036249 140.070356867499
-10.278719494915 -13.4677763159369
171.28170133846 200.950258810681
139.817685428236 110.473149748925
-8.26840196298843 -11.2236148405046
145.515053879663 164.925048833235
68.3516458623807 38.3955157371199
145.544097394441 167.194902235438
143.353329983111 168.43757281563
47.4067630435745 5.9710801844267
81.6241064296277 89.5322409317572
126.274609149328 148.127330062868
59.2835025934174 67.0867422183535
42.3725240145064 6.07069026749166
35.6739202731348 38.114534916732
83.6705001898468 87.4378064319539
150.617302606805 167.533666517018
67.8678519620524 28.3195131045883
175.527753298389 195.415353313147
92.974385226298 57.4394732382675
28.6563911000801 -20.2488472027561
41.0978242395567 6.35700456378736
64.3997938543983 35.7057354724795
23.056556963866 -21.0320962462397
118.818543718672 142.995963477112
117.994683875554 86.72500448492
-6.42069099358667 -11.1329760511686
124.702416010246 145.443446343644
66.3328673374109 28.7983654657662
88.2698256237943 59.5617329841667
158.991368170193 126.295580466432
172.00710249698 188.263683380919
98.4288424408145 115.293638157269
125.558827889057 147.156616165811
9.15835924079152 14.3303473376268
85.1169783277975 54.252935158496
160.543590360883 138.714947134896
99.1140524210056 114.822443020316
13.2913482364311 13.8192982090233
24.0431018446937 -19.3485959947597
86.7049452441539 58.6613221567751
165.486979704956 193.772499321164
90.7225151410484 55.1742703378899
139.843692655319 113.251688742182
13.3092856711128 15.5180766254117
145.514343723022 171.251321569049
38.196705653761 38.7815362747365
167.924919613957 205.856479922742
93.1174823216311 53.6346155067503
158.589920187614 142.459536853089
146.237113965946 171.386405667764
68.2866388980934 32.3760060168406
162.246860301242 135.474258720949
159.964557204366 134.532009917947
69.1305516067634 32.388063047086
46.857398452163 8.01373149689444
135.041663648377 107.366607037997
74.8732164258382 90.1669457931212
92.5208415857538 56.4785315154174
-6.71755760228119 -11.4314122716494
133.796998510241 108.381004223512
60.5869188708543 64.7602914227906
157.720893135091 134.996793547956
130.548167960504 108.617070057562
146.662507867748 169.959180704479
-8.57295559488795 -11.5552691474848
110.547437791869 79.538198448569
47.7744049801279 9.42349938601469
156.672869296913 139.783063809093
111.78806436526 82.2104493203438
35.6050178185426 36.6709126329253
109.555313012463 86.7216446380081
135.869845921738 111.308540465817
32.6808111774949 40.1104805998841
44.6619624392524 6.01874258289031
68.7280567512242 27.871951982697
41.6859079565718 8.08286498270476
123.943384578788 141.09089769521
54.8400630575488 65.0935472179116
79.5428043702059 90.2148236650151
146.816433123371 168.720997760217
103.787411332175 121.032945498385
